311804
31530
317692
31880
320655
321720
3231617
325638
3288844
3296027
3301224
3308016
3310040
334557
335067
34415
347210
347212
34911
35614
36128
37322
38474
41233
44949
44987
45763
45803
46177
46302
48719
49933
54504
59845
61045
62322
62368
62535
6375
64085
64851
64994
67047
67492
67524
67577
68642
68851
69847
69913
74533
7738
77570
78295
78351
8196
82108
82614
84723
86033
8529
89167
90333
90334
91045
91448
91574
94005
95413
99073
99493
106213
107540
109237
109276
1135465
1145831
1158247
1158637
1159442
116237
117122
1174635
1175835
119443
119536
120759
121941
12206
124491
1263043
126667
127049
1287033
130347
130686
131691
133466
1339837
134404
135778
139450
142048
143195
143283
14445
145813
147180
150345
150740
150760
151619
154459
155228
155259
157083
15774
160758
163370
164157
164570
167047
167925
169561
169562
17173
173395
179181
182204
183315
18361
184746
185801
187215
188554
191082
191084
191339
192703
193356
194279
194685
195125
199550
201673
202086
202251
20439
205588
205629
205968
206909
209950
212314
212462
213682
213888
214316
222458
222820
224859
227268
228604
229964
230040
23015
232036
23232
232506
235193
237321
239531
239969
242907
243677
245776
246115
246329
246952
250029
250050
250112
255114
256012
256014
256422
258535
261385
263848
265296
268812
270130
270152
271420
276458
279007
281978
283610
283929
284046
286167
290249
290254
290343
294139
29420
296585
29702
297756
297865
300915
303869
306868
306958
30714
309227
310215
315737
316783
317714
319149
319434
320099
321750
3232824
324419
325180
3268022
327030
3280832
3283223
34399
343740
343806
347289
35601
35611
36890
42267
46157
48784
49901
5107
51196
52467
53532
5409
55699
50691
5108
51107
51974
52308
52424
56088
56159
5718
57285
61040
61913
64509
6468
64809
66166
68328
68819
69584
69905
69964
7034
71100
72454
72469
75006
76281
76292
77353
78943
80210
80343
80929
81307
81325
88993
91065
92350
92743
96164
97940
100289
10278
102872
57370
59930
60710
61039
61940
62247
65775
66189
67066
68309
68532
69588
69908
70084
70755
71241
72500
73764
73800
75207
7734
80047
8052
8093
81321
81433
83830
84819
85603
87659
87797
87858
88979
94192
94900
96167
97697
97890
98981
101556
102816
103700
104034
104975
10704
107515
107145
110535
111827
1124230
1124232
112964
1135848
1137017
1142233
114373
1145040
1156631
115669
1161028
117198
118748
119673
120939
121641
122167
124505
125254
1265034
1265847
1266233
126651
1268238
127950
1285442
1293033
132022
132153
132184
135301
136890
14194
143431
144730
14617
146986
147878
148380
151643
152113
152825
15395
15436
155735
159508
162009
163316
164549
167929
169206
169605
169621
169696
169697
169702
171023
17515
177936
180456
180875
183389
18463
184702
185949
186692
188297
190945
191055
196760
197171
197234
19727
197910
198341
200831
200832
204545
205567
205609
206163
207371
207389
208607
210757
213687
214290
217328
220718
22172
227270
231247
232656
23315
234136
235000
237325
237606
238657
238725
242522
243709
244399
24587
246214
246355
247427
248721
249898
25068
253698
256013
257746
25859
25953
259366
259760
261021
264795
265113
265187
266006
267180
267553
267634
267754
271063
272673
272680
272836
274800
275222
277307
277629
278490
281086
28391
283951
28472
285293
285356
285480
285482
287394