189693
19108
19165
19166
192056
19503
20037
201296
205644
210058
214306
214718
214735
221105
221178
221419
227229
229495
229503
231364
231976
232954
23312
233353
233422
233780
236197
236261
240765
241217
244919
246138
248748
253411
253898
254756
257715
257823
259018
261533
266304
267638
268922
269023
27153
272337
272671
272870
273601
274063
274864
276025
276507
277284
279124
280361
28037
284114
285420
288654
290462
291202
291623
291634
292686
292875
297108
295755
29735
299099
29960
303071
305648
308861
309191
30972
309709
311802
311852
313948
316913
318243
320606
320645
320711
321358
321429
322687
325772
3274425
3276817
3282020
3283218
3300026
33513
347209
34731
38558
39395
39421
39422
39996
42315
43541
43731
47433
49811
52018
55025
56210
57464
58225
58616
59402
59841
61177
61871
62366
63156
64925
6774
66581
78771
78883
79988
82517
84018
84044
84806
85125
86349
86509
86595
89831
90169
91528
92353
92740
92816
94029
9441
94432
94845
95351
96187
96668
97462
98215
98933
99840
104158
105765
10659
108815
109233
110128
1124215
1124267
1124270
113251
1140646
114857
1159025
1175437
120390
121668
122063
122834
1263032
127033
128473
1285032
1285441
129222
129519
132288
133255
133261
134437
134612
139099
141915
143780
145465
146001
14715
148290
149126
149544
154041
154567
155616
160833
161640
163354
165892
17040
170839
173313
175905
177035
177081
177191
17841
180869
182214
186004
187192
187320
189780
190844
192095
194527
197269
198459
199639
200751
204570
206005
206117
206371
207277
207287
207348
207507
20783
20945
210056
211061
212519
216098
219386
219737
22187
222254
226101
226913
227340
232434
233806
23555
23558
238651
238739
24209
245750
246206
247288
248745
250165
249157
251178
25418
257751
258078
25977
260179
261018
262635
261453
262271
267151
267598
267657
270189
270694
272772
273611
274018
276409
278877
284047
284075
285202
286546
286645
287429
287647
289228
291695
295407
295540
296492
297508
29887
299996
300583
299617
301319
301778
302597
303068
303815
303867
306421
309308
31117
311775
31255
315171
315530
316815
319282
32410
324441
3250816
325232
325248
325723
3262416
326772
326773
3300025
3310866
335061
346862
347219
36129
36849
38670
41149
41165
46212
47003
48744
48817
49476
49903
21737
217480
218543
218580
219359
221895
228232
229015
231147
231154
23268
234913
235005
235159
237350
237388
238595
241348
244808
247478
249895
252578
253464
255048
255994
255588
25765
257827
25878
259791
264784
266355
266431
266699
268874
269247
269728
269749
270281
271419
272632
273560
273620
274054
276044
277320
27676
279009
53794
54736
54855
54874
55360
5753
57768
58496
62405
64479
66234
67069
6804
68650
6901
69601
70376
70753
71269
73322
73762
76321
77085
77103
78628
78806
79957
81324
8189
8300
83834
84805
851415
86357
87502
87662
93997
96573
99168
100231
101740
101741
104037
106835
110167
110513
1124226
1146615
115867
1159059
115933
1161018
116955
117144
117265
117855
1181093
119539
120941
122019
122073
122118
123207
125906
1261439
1264240
1266261
1273848
1294634
130412
132140
132160
132167
133406
136572
138300
139086
141607
142115
143472
144181
14616
147109
149649
150343
150381
150790
152829
154427
154456
160755
160776
162065
162140
167862
169643
169826
17006
172071
172113
172938
174574
177899
177934
178181
178784
179728
182224
18354
18358
183797
185411
185899
188581
189874
191399
193434
193447
194560
194683
195988
198323
201237
203531
205929
205970
205987
207233
208648
213688
214687
215629
216056
21749
218119
218157
22210
226264
227316
227392
230029
232032
232498
233762
233834
235833
236415
237063
237066
239495
243559
244952
24588
24697
247873
248316
248700
248837
249523
250170
250797
250845
251218
257287
257294
257865
258885
259020
261035
261056
261551
261630
268920
272881
275165
276374
276568
276571
277825
278879
280331
282931
28474
285336
285341
285481
286776
290292
291580
292805
292969
293641
293657
296704
298063
298745
298243
300044
304344
3053219
305500
306388
307991
311441
313987
314392
318437
319279
320200
320562
321811
321874
3233218
325684
3272021
3274817
3293621
3309236
33156
3336817
33468
34410
35603
38062
38888
43539
43723
43728
51017
51111
51258
52316
52459
54856
57462
5785
58532
58660
62204
62453
64903
65785
65797
66117
66327
68648
6872
70804
71246
72514
75027
75083
75144
75877
78672
78875
78880
78922
8302
83880
85264
85336
86477
86589
90164
90319
91094
91960
9322
9399
96183
97424
100279
1005437
101055
101518
101888
102841
106757
107045
107496
112693
1136243
1140229
1141046
114516
114609
1148223
1154221
117094
11996
121979
123302
123399
124528
1261443
1264233
1266243
126637
1269038
127048
1273841
12823
12846
129221
129780
130844
1332238
135378
136530
138264
139455
139475
140331
140797
141958
144672
144999
145959
148253
150918
151666
153462
155700
158082
158121
158253
159474
160292
160345
168318
170413
17178
172003
172160
178420
178422
180914
182067
183433
184139
184538
188025
188036
188579
189336
190557
190839
190871
19134
193040
193071
194595
195440
196698
200935
200939
203328
204277
205590
205601
206161
208140
213459
215644
216156
217223
221013
222287
223187
22319
225285
227319
229817
231192
232442
232571
23269
235061
235196
237038
238593
248650
248675
248835
251306
253875
261474
265109
26689
267130
26726
272300
272911
273609
276056
277332
281470
282718
286188
286572
287445
287852
287864
291594
29407
295769
29673
297460
298670
300391
303027
306867
307672
309326
31011
310618
31147
313129
314477
317689
318898
320618
32228
324341
3254816
326118
3280016
327266
3311218
335840
33587
33627
343760
37225
37324
38112
39978
41592
42311
42356
42362
43264
43582
48606
48743
51322
52464
53693
5448
54483
281021
281023
282789
282882
28356
286660
287373
289120
289868
290364
295338
299158
301277
301278
301882
301890
305152
305568
305637
306804
307931
311873
312006
31220
315197
316716
316918
318057
317311
318815
318880
319437
3240816
32509
325645
325698
3273616
3275217
3312018
33201
340100
58570
59927
60727
62412
63532
63539
63704
65700
65786
6808
68601
73336
74883
75087
76326
78330
77933
80200
80208
83407
83955
84316
87227
88937
90170
92644
92879
9319
94008
94193
94843
94910
96192
97440
1005051
101614
102415
102941
104041
105406
106743
10697
10735
10879
1125423
113958
1140246
113527
114476
1145423
1145843
1153034
11614
12030
120835
125930
1260633
1264239
1269033
1293844
129581
131688
13374
134472
134574
137902
144668
138656
140733
14175
142902
144094
145859
146684
146989
148254
149142
150798
152097
152205
152891
154038
155294
161590
169560
170987
173398
176734
180774
180840
182162
18227
186995
189646
189694
192151
192586
193529
199520
200890
201205
204187
204626
206870
207187
207238
20787
20875
209852
211160
212315
213501
214347
214759
215622
215632
22126
228488
229902
230383
235200
238284
238601
238782
240776
243601
243758
244895
246028
246949
247293
247476
247538
249587
251211
251358
251403
255974
257856
258890
260081
260178
261399
265226
268770
268979
270279
271077
274188
275224
277708
278828
280112
280172
282380
285295
286511
286553
287721
287723
288900
291583
292269
292405
292776
294964
296490
296755
297458
299255
301888
301889
302905
302983
304383
309388
310160
311805
312982
315194
316434
319389
320743
321040
321437
321870
322004
322683
324348
3264416
3293618
3294422
3296016
3310418
3312024
3342016
334530
335837
335845
33602
34416
34442
36391
39350
39822
40997
43729
43751
47286
48786
49936
51972
52248
54493
56005
59928
62367
66188
69565
69943
72408
73743
73932
75890
76414
77070
77122
79992
80168
81347
83877
83950
85180
87656
91046
92746
9445
96171
97448
97895
100330
100390
101141
101454
101500
101728
101949
1021012
104990
10703
108035
109387
110376
1127828
1129020
1139815
1140642
1142228
1143421
115624
1160626
117875
118224
119677
122164
122842
124572
125301
1261854
1266252
1266278
1273469
127896
127932
128410
128436
1291045
128809
129600
130739
13224
133347
1339838
134468
135689
139098
140621
140849
140851
142114
142823
14498
14541
146636
146650
148389
149749
152059
153275
153407
154013
154772
155282
155618
155889
158373
159024
162087
164111
164674
165778
16584
168267
170083
170462
173446
175874
175882
177095
177104
178489
178490
179739
180396
180444
181021
18231
183445
185709
190840
19130
192292
19558
199535
200886
201719
203460
205625
205978
206869
207147
207304
209867
211060
211107
211201
211302
213467
218104
218675
219783
220705
223637
228528
22966
232441
233711
232978
233934
234962
240731
242837
245050
24598
246910
248279
248604
248719
248865
249559
249578
250168
252453
252574
253440
255186
255995
256007
256417
257621
257672
258506
259024
261314
262913
265068
265478
266391
268413
269727
270132
271023
27133
27134
273861
274851
279318
280360
286190
286716
287392
287430
287822
292417
294051
294190
294979
29739
298271
300584
305634
306901
310140
310622
3104416
311409
313250
314418
316938
318087
322685
3231622
3231218
325473
325475
3256026
3307616
3312444
33208
335063
33516
335828
343784
34831
35971
35991
38473
38576
40649
41493
42792
44476
46071
47283
47395
48607
48695
5509
5548
38032
42417
42451
44519
46942
47800
49876
49955
51254
52000
52353
52570
54991
56156
56212
57347
58630
59441
59465
61038
61185
61847
62445
63209
63577
6397
64801
64887
66154
68693
68817
69594
69134
70783
72455
72470
74613
74934
76189
77107
77474
77623
78736
82079
82748
83467
860017
87652
93121
96195
96562
96606
97898
5757
58208
60998
61049
61124
61456
63624
64855
65730
70806
71130
75088
77627
78735
78766
79621
79881
80010
80861
81305
81323
82473
83503
84802
86399
86422
86423
87216
87862
89843
90174
93618
96767
1004212
1004227
102979
106288
106604
106808
10754
109452
109456
110501
110531
1124240
11106
1129816
113106
1143043
1148218
1149416
1157015
117139
119626
122121
123361
124373
124531
125666
125734
1261838
1265861
1267055
127182
128430
12901
1294636
129962
130341
130859
132098
132163
13423
134555
134704
137361
138380
145478
145837
14624
14635
14650
153282
156549
156799
15739
15874
159077
159607
161637
162068
162137
166870
173351
174579
174719
175873
177445
179183
181024
182333
184539
185762
191006
191081
191086
193435
194682
197061
198379
199522
199713
201678
202311
207226
20781
20924
209809
211105
212460
213587
213590
214651
21729
217374
22032
221214
222376
223190
22320
227232
227396
228142
229819
231236
233426
234963
236363
236371
236416
237387
239474
239532
243624
245701
249556
250120
252083
253819
253907
25488
25498
25500
255091
255294
257619
265143
273585
273906
274001
276416
276545
276657
277720
277723
277754
279024
280120
281405
281549
282370
284016
286545
286604
286750
287372
289188
291581
296189
296486
298773
298760
306365
306390
306799
310573
311424
311463
312253
313962
314432
315153
315736
316415
318251
318882
320132
320760
32281
322997
3240417
324487
3252417
326481
326904
3272824
3282018
3295218
3318816
334387
33642
34962
36056
35283
39347
39730
39826
43868
44508
46265
48727
50735
52536
52578
58584
58646
58739
59467
59760
64869
66104
68292
68668
69586
72125
72515
73714
73742
73893
75143
75182
76412
77567
78602
80859
8319
83466
85163
85304
86353
874017
88924
89123
93664
94004
94861
94902
95207
96555
101682
104038
105388
105449
106859
10847
109150
111917
1124241
1124254
1135835
114413
1145817
118222
119491
119624
12004
122450
125311
125667
1259853
1263044
1271432
127217
129173
1295032
13225
13420
135348
135686
138213
139502
141201
14161
14180
142064
142117
144147
146624
146698
147208
149563
150767
151904
154285
154407
156546
156872
15805
160778
164110
164179
16620
166871
167018
167840
172961
173310
174619
174744
180731
180812
18287
18751
188029
189314
191776
192398
194648
196010
19725
198704
199194
202246
203400
203415
204718
205047
206871
208777
209947
211058
219694
220649
221055
221123
222343
222465
223204
226079
226903
227273
227312
228165
228741
229980
232583
232657
233836
233854
2339191
23432
235884
236157
238557
239872
241128
241964
243747
244812
245059
245986
246032
252115
252446
253860
257623
257771
25899
259451
260222
261541
265147
265333
266371
268892
268975
271446
272374
278506
278568
278875
282302
282749
283918
284801
286748
289850
292402
295248
299304
300043
303069
304132
305409
31010
31067
313093
314293
315564
317038
318135
320172
320582
323042
324394
326880
3279223
3280834
3301223
334519
35280
38089
38513
38515
39777
39943
44832
46912
98590
99118
99879
102438
102866
1073423
109450
110493
111884
111894
1125461
1127015
1140236
1141045
1143019
115356
117203
1176231
118174
118398
119168
119580
120976
124553
125772
1259839
1276632
1291052
130690
1316632
131689
132126
13312
134162
134466
136147
141981
142863
143299
144454
14711
147915
148382
150847
150850
152035
48654
56283
56952
58566
59865
67373
68737
73766
74582
75028
75061
75892
77656
77894
79609
81785
84773
85331
86032
88499
90225
96186
96551
96720
97889
100294
101116
102797
106804
109234
110463
111431
1125029
1125467
112963
1135840
114416
115809
1159032
1161047
116635
117854
119169
119218
119678
122840
129561
129671
130377
130918
131624
132243
13373
137013
139640
140329
142060
142164
143650
144093
144574
145467
14577
146047
146685
149079
149159
156527
161629
161643
162138
163291
165782
17041
172207
172315
173413
174724
175881
177902
178329
180940
186674
187191
188033
189695
195985
196108
199521
199534
200749
200846
202198
206873
215626
215914
215958
215959
218146
220701
221245
221248
22286
226157
228135
228164
228695
229477
232028
232376
232654
23379
233807
234961
238722
239554
240742
241142
24208
243620
243820
248802
249853
250813
253373
253856
254714
255151
257583
257864
259745
263519
264711
264768
265232
266503
266815
271022
277684
278957
279778
281542
281655
285133
28630
287810
287865
289508
291147
291437
294107
299154
299353
305632
306393
30703
310631
3092418
312671
313022
31504
316884
318086
324351
325245
3267628
3280025
3283216
3294426
3300027
3302417
3304020
33159
336327
346855
346857
37178
37271
43230
46213
50712
52482
53255
54473
56052
56955
59485
59944
61190
66105
6767
68598
68560
71223
71295
76239
77469
78827
80095
80947
82567
83469
88560
88934
8997
90408
91561
94129
100733
101610
1020614
102948
103682
10604
106678
10784
10908
110107
110151
110419
111412
111806
111953
1124234
1125421
112586
112688
1141040
1142234
1145430
1148620
1161039
1161415
116634
1175833
1181094
1181843
119607
12023
12155
123138
123145
123209
1259846
1265435
1273051
12822
1291050
129154
129174
1293444
129452
132077
134667
1357834
139453
144131
146215
149547
150947
151623
155619
155672
155814
160348
160888
163224
163298
163310
168380
169801
170859
170897
17113
17228
172981
174711
184439
184441
185396
186274
186721
189276
190580
192335
193355
194708
195906
198511
199487
201723
201728
202082
203403
204696
206075
206160
208175
209762
209868
214303
214346
217260
218526
219920
220937
221059
223547
226926
231172
233855
235153
238515
240376
241486
243674
244493
244945
247522
249585
253871
25416
255113
255138
258505
259788
26367
264764
266545
268386
271399
276085
276506
279017
281024
281359
283575
283606
286547
28655
289189
289898
290211
290498
292780
295339
29965
300472
301334
304225
304388
305592
308033
309345
311467
312673
313094
314420
317314
321747
321839
324346
324485
3272820
3294820
334521
347281
34830
35850
38027
38497
39873
40688
40707
42531
43578
43583
44105
45768
46161
153163
156120
163222
164588
16638
166249
168394
169666
171754
172222
172545
173007
174265
175861
177280
178219
178324
178367
179557
180736
184468
184614
18467
185851
189901
190554
190942
193531
194646
194782
194847
195989
196352
200812
202978
212310
212356
212398
213612
215557
216197
217295
217327
217331
219767
219949
47257
49809
49881
50663
51988
52313
53211
53232
5451
56176
57331
57514
59486
61125
62760
64449
64853
64929
65703
65760
67344
67374
70141
71131
73671
75005
78352
79564
82442
82519
83884
84244
88980
91487
92810
93648
94128
95426
99872
10275
103969
10657
111426
113034
113245
113253
113600
1138233
1139024
1145039
1146629
115279
1158238
1159444
1161430
116591
12055
12073
120813
12208
12240
122841
123242
124598
125317
125344
125714
125719
125736
1265863
1267040
127951
132134
132959
133256
13367
135329
136508
136887
138169
140585
140807
14098
14166
142008
143466
144171
14531
145919
145118
146211
147862
147902
150809
152121
154045
154505
155227
157771
15797
15827
159509
166971
168269
168341
169235
173552
177098
178265
179559
180403
180911
180986
182571
185436
187182
187217
188012
193475
199169
201292
204237
207285
213505
214694
218409
220631
220681
222222
224954
231258
233763
239101
243527
243754
243790
245746
246180
255992
258959
258969
258970
261599
264048
267655
268387
268875
269264
271292
271474
271548
272344
272376
272831
274815
275209
275296
276529
277628
277745
277750
281449
285337
286155
286663
289144
292760
292013
29385
294890
294963
29740
298038
300355
306961
308869
310692
31093
311428
312684
313245
315527
316411
319277
322679
323036
323078
3232823
3233220
325161
326769
3270018
327005
32716
3274819
3295219
335849
346851
34693
347208
35878
35916
35949
37288
38675
43252
45055
45315
47510
48819
50711
51073
52575
53208
54406
56003
58633
58642
60651
60681
63462
63594
63702
63760
67612
68278
6988
69915
73393
73928
76124
76291
78914
79589
80204
82558
85219
86767
90324
90416
93893
96655
98603
100152
104277
107977
111689
11185
1118624
111890
11191
113177
1135457
1136215
1136256
1145821
1156648
1158240
1159024
1160627
118137
118261
118262
11908
11909
119146
119625
119681
122018
124036
125801
1260635
1265432
1265849
1266644
127914
1285836
129557
13182
132078
132185
132614
134518
137140
141979
142894
144115
145000
148325
149078
149633
150843
151576
154042
155736
157375
158321
158374
159087
159107
160313
164192
164734
165383
165683
167839
167912
169236
169692
17007
171755
173005
174863
175510
178182
178370
180867
180872
181733
182958
184642
188008
19132
192276
193617
194731
195907
196751
196753
199529
199656
200361
200432
202200
203376
20421
20469
205900
206477
206811
20940
214811
214813
216159
219738
219847
221080
223719
224425
225670
226115
228526
230755
231156
231215
232051
233757
23457
234591
235082
238736
240733
243490
243600
244427
245764
24698
247342
247534
25472
255045
256026
258935
259026
261530
262747
265145
265998
268810
269760
270280
272670
272906
272908
276065
278916
281402
282373
286646
289057
289193
290344
294137
29429
29787
297963
299091
302568
302613
306721
306805
308077
309261
313021
313024
314425
316388
316390
318133
318159
323039
323154
3232017
3232817
32344
3295616
3300827
3309230
33195
334551
34349
343765
35178
36876
38425
39828
39897
41280
43223
43791
222255
222297
223584
232065
236231
237049
239472
240700
241085
242475
241558
243561
243757
245235
245761
24628
246986
249602
252715