91951
92369
93266
95355
96609
970614
9919
99800
101729
102987
104185
105418
105548
1073415
111393
11186
1125422
113182
113200
1135817
1135850
1142226
114433
115626
1158248
1160618
1160629
1161046
1208633
121879
123363
1261449
1266245
1268635
127031
127139
128317
128344
1285435
1290638
1292635
129576
132124
132245
132964
133253
133349
133368
134123
135367
137830
139506
140785
140881
140883
143331
144133
1444706
144611
146623
146681
149732
154414
156547
15733
15826
158271
159076
159567
163465
164618
165926
168342
169695
17114
173343
175793
181745
182222
183320
185795
190872
190925
191736
191799
192097
194597
19546
196105
196677
197085
198460
200750
200801
202982
204267
204739
204740
204879
205973
207284
207461
208496
20878
209504
210761
211129
211159
212312
21275
213594
219851
220715
221124
223562
226178
232576
232585
232694
23317
23359
233755
236276
237041
237290
237323
239530
242233
242417
243232
243489
244899
247412
248318
248668
248803
249900
250783
250875
252048
254755
258962
260115
26033
261593
263584
263586
26728
267491
267499
267550
270050
270177
271819
274452
274853
276457
280213
280214
280300
281461
281547
282376
286192
286777
290212
290214
292419
292927
293331
294089
294191
297493
29784
297913
29900
299161
29964
305650
305727
308102
310201
310539
310574
311473
311950
313271
314414
316935
317210
318008
318058
319286
320183
321440
321879
32279
324342
325469
3272020
3272428
3277216
3304021
334520
335856
35599
35917
36041
37176
37314
40666
41231
42529
44548
46124
48262
52573
5488
54935
5494
57686
59887
61075
62319
62324
62452
62499
63158
64490
67063
68294
68811
71292
76152
76436
77550
78882
82515
83071
86318
87837
927223
93596
97892
99042
99164
99877
101618
108868
110538
111824
1122216
1124245
1125426
1125835
1135845
1139025
1147016
115807
1161428
1173457
118217
118290
118294
118450
119671
121667
125805
1265856
1265877
1266263
127077
127120
1273452
128380
12868
1290236
129123
1295450
129599
131284
132024
132183
13329
133683
134470
135819
136118
137831
138348
139060
139446
139539
140314
142025
142196
1439506
144169
144670
144676
14490
147209
147816
148261
1495884
154062
156514
156567
158202
158328
159059
159389
163217
165399
165835
167073
168382
168805
171716
172000
173347
173411
174662
174752
176729
176730
177163
17905
179157
180939
182128
187158
190550
190882
19129
192177
193381
193386
193432
194598
194711
194720
195930
197122
197294
199657
204765
204782
205630
205986
206060
209537
21298
214270
215627
216879
216972
217479
219390
219872
223720
225693
225704
226240
228697
229493
230072
233670
234958
235886
237322
240099
244856
246029
250048
251273
251404
253899
254713
25497
255952
256767
25769
25874
259028
259747
259798
262748
265337
266353
267140
267161
267659
268872
269684
272832
276371
276550
277632
279780
281464
282748
28679
287967
288572
288610
291486
291536
291537
291597
292809
298774
302232
305496
307713
308092
308195
309281
30973
311949
312629
313027
314511
315176
315433
315477
317971
320482
321438
32339
323508
324396
324531
325591
3257616
3310039
333633
34419
343767
38472
39405
39734
162510
164927
165614
167841
169648
170763
174658
175506
176248
178323
179154
179535
179598
181707
182177
182307
182336
18328
184615
185745
185849
188425
188426
189758
19107
191768
192391
194526
194780
195987
19693
197950
198256
202133
203322
203475
204281
206859
211056
211992
213107
213500
215875
216005
218613
22184
223551
223715
224807
42527
57382
58180
58615
63226
64477
64811
6803
6856
68755
6907
69902
75067
79882
80051
8101
82794
83479
839189
839190
86008
87264
90273
91494
93662
97815
100195
10273
103012
104160
104934
107986
111993
1125841
1127821
1136224
1138628
1143040
114472
1145034
11551
1155834
1158249
118804
119672
12095
122055
123137
123253
1261436
128273
128747
1290233
1291042
129237
130408
130846
13259
133344
13370
134438
138374
139115
141605
144758
144762
145438
145862
14647
14648
14753
149499
152866
154075
154601
155754
159495
160920
163170
164138
166875
167926
170949
172005
17227
177126
177923
178331
178440
179194
180924
183492
185754
190878
191766
193495
196709
198261
198377
200430
200979
202250
203031
20923
209851
213549
216012
218627
223506
223587
224444
228132
229772
231195
234613
235001
235851
235852
237394
238787
242456
245051
245984
246518
249582
249896
252405
252575
253441
256239
257671
258967
259767
261440
261526
261631
262339
262861
266009
268013
27097
271450
272905
274053
275221
280217
281085
281454
283542
286551
287725
287849
291495
294000
298042
298675
300853
305591
306892
30701
309428
310218
310668
313124
316924
317019
318840
32284
323535
325204
326478
326800
326886
3282031
3310043
335056
335209
37442
38573
39799
40663
40690
45802
48671
49953
50041
54869
57336
58744
58782
61224
61962
62418
63703
64769
64802
68313
68605
6986
74848
74932
75863
77524
78674
8048
8060
8102
82119
85124
86015
86481
87584
90233
90322
933216
9402
96528
96592
97371
97400
97802
98547
9917
100154
101419
10296
10302
106194
110461
110519
1125424
113150
113304
114456
1148615
1159050
1175447
117918
118365
118492
120462
120081
120977
121645
122021
123421
125300
125713
1260651
1266654
127137
1285837
129211
1293856
1294261
129721
130745
130921
132139
132166
137008
137877
137920
138252
138343
142465
145915
147052
149158
152098
155293
161651
164181
164572
172345
173553
174621
176709
177255
178389
178486
18381
18433
185886
188389
188428
19164
192229
195946
197101
199523
200814
201738
203050
203329
204271
205593
206228
207376
207504
209476
209523
209807
210375
210778
211106
211990
212411
215605
216082
218579
223629
228196
227859
23368
23519
239494
239967
240094
243652
247530
249187
251366
252447
253980
254731
257624
260194
261594
264145
264710
265237
268461
269015
269729
269759
27252
272634
272938
276566
277335
279121
281066
281514
282374
282378
283191
284886
288611
288629
288986
289058
290496
291436
292803
292877
293619
293946
294138
297867
297961
298763
299152
308045
309232
309429
310138
310212
311878
312627
313964
314299
314422
316881
317209
319151
320581
321406
32282
32342
325806
326448
334541
38574
39796
39824
228218
229883
229963
229981
230765
231342
231975
231977
23314
23456
236238
237603
242405
246110
246176
246230
24640
248559
248839
252105
252491
253443
256385
260292
261019
261444
265156
265958
266360
268816
269022
270646
27135
27156
272765
272813
272910
272939
274015
275078
277631
281069
281610
282788
282842
283601
284001
284171
285312
28623
286658
42525
45793
46306
47256
47380
48839
50747
51194
52381
55637
56049
58202
58654
59048
62290
62364
63237
63575
64856
66280
6738
67385
68883
70035
71178
72453
72496
74583
75891
76154
76192
76238
76308
78919
80070
82135
82792
83947
83951
84788
85301
92813
9446
95420
9565
97423
97808
98940
99079
101634
101735
101746
10305
103653
105514
1125425
112617
113073
1138241
1141048
114411
1144617
1158216
115901
1159051
117124
117874
11913
119611
12002
12022
12068
120836
120860
12154
121665
125285
1269432
1273039
12818
1285436
12863
1288233
1294254
1294263
130792
131319
133251
137010
138263
139534
141579
143365
144553
145437
14625
147211
151650
152075
152114
153246
154470
159476
159572
160816
163295
164191
164714
165393
165781
166575
172002
172031
172318
178383
179612
180815
181974
187122
188343
188386
189834
191788
193510
194601
194604
19498
196004
19729
200889
202010
203051
204625
205926
207352
207388
208185
209815
209869
209030
210721
210758
213114
213133
214649
216955
216960
219852
221217
224424
224883
229478
229868
229885
230715
231289
232691
233379
233839
233017
239556
239919
240698
240777
241316
241322
243203
243260
244073
245983
248294
248763
249978
250118
251400
250463
253832
256375
260192
260242
261024
261064
263978
266509
269750
270208
27232
272810
274812
276066
276370
277625
278960
280197
281471
281548
282798
284865
285248
286193
286426
286724
287752
288571
288631
290386
290455
293995
295412
299008
29905
30005
301324
302940
307657
307673
310179
313091
315434
315492
316920
318816
319439
319445
319662
321426
321754
321761
324423
325549
3262816
326490
3311242
3311246
33566
336323
33995
343742
35969
36126
38475
41148
44909
47458
48659
48666
49497
52483
53649
54951
54992
55638
56897
58126
66187
68291
68333
72069
73801
77468
83489
84077
87640
88496
8960
8976
90419
93597
95253
96190
100271
101379
101545
101617
107842
108031
109391
1124252
1125440
1125839
112689
113108
1135846
1138631
113963
1139843
1143416
115369
1153825
1161036
1172659
117865
119128
119200
11954
119563
123319
123420
124079
124440
1261842
126951
127078
1275848
128413
1293834
130790
134516
135698
137853
137903
138299
139505
139554
14123
14560
14587
14621
146987
150966
152878
152898
154356
155751
160780
163353
165823
166541
168344
16954
170475
173441
174714
177037
177103
178731
181023
18155
182130
18228
187124
188013
188405
188782
190873
192372
197084
199915
202244
20437
204714
206057
208228
208247
208745
209525
211109
211307
211544
214570
215610
217329
218102
218159
219357
219779
219849
223175
223588
224950
225989
226082
226242
227368
229986
232602
233714
237570
237601
243710
24626
247383
249560
249579
250817
250860
251303
255086
257757
258521
258572
259787
261396
262767
263849
264064
267549
268448
268814
268980
272735
27315
274434
277703
278570
279040
281070
281505
282386
282813
28516
285164
286746
287426
288106
288612
288946
289032
290362
294950
295371
296703
29786
297870
298772
299220
299303
29967
304323
305726
307019
309158
309257
309306
310142
310782
313277
316510
319492
320605
321969
323273
325443
325691
3262016
3263218
326845
3301222
3304019
3310856
334540
334548
3347216
36889
288154
291485
291541
293644
293694
294962
296756
297495
297953
299190
299305
29958
30002
300909
301780
306890
307993
31098
312628
315210
317017
318128
31927
31934
323953
324347
324493
3249217
325719
3265616
3265620
3274430
3277218
3282033
3284021
334536
347215
41001
43649
37375
40168
41163
42568
44905
46163
51075
52348
52484
53242
53608
53626
53650
53782
54456
54458
54809
56924
58664
59482
59893
61926
62287
6415
67438
67647
6850
6996
71270
73898
74880
76606
77087
77106
80888
81221
8190
83492
83965
86411
90270
91527
9353
94073
9442
96165
98564
100118
1005045
101416
1021412
102798
104991
105009
108020
108025
10845
108816
1125419
1138627
1148624
115667
1158243
1159029
1161027
1175449
1177832
118336
119608
120446
120756
120940
122034
122162
123243
123293
125339
1265032
1266246
1269035
1273459
1290637
130845
132168
1332635
133294
134193
134199
134969
138430
139460
14622
141526
142864
147034
148257
148386
150367
152033
152096
154517
15823
160330
160825
163419
164523
167054
170996
17134
172283
173458
174656
177192
180816
18230
18314
185398
185805
18626
187213
187277
187348
192397
193476
194832
195845
197270
204695
211223
211951
212333
212399
213506
21668
22068
221896
221931
223207
224477
224499
226176
228739
229444
229492
231245
231290
231948
231949
232604
23384
233852
236241
237415
238281
239983
243526
244814
245238
246177
246181
248674
249577
252051
254718
255552
257586
257633
257748
25901
259345
259748
264065
264147
265351
266427
267503
268973
271294
272807
272871
274002
275374
276455
276940
277757
280256
281503
283976
285345
285820
290251
291698
295249
295423
29829
298726
300035
300528
303141
304744
306902
307683
310180
310694
311408
311442
313176
316827
318060
319441
321792
325234
325585
3281620
3281621
3288841
3316416
35559
35633
39940
39941
40962
41222
41966
41986
43647
47393
50001
5030
5104
52015
52315
53707
54431
54873
56042
58745
61176
6451
64803
64806
68666
68757
68848
69036
69916
69940
70754
71291
73372
75089
80043
8014
8168
82749
839192
84751
85252
87746
89022
93965
9400
95181
95471
9569
97938
99882
100119
102453
102885
104959
108030
109258
109275
109424
110495
111805
1124237
1125449
1125827
113571
1139027
1143022
115704
1161045
117036
117084
1174634
118447
11911
119165
119955
120417
120800
121944
123139
123296
124443
125665
125864
1259840
1261843
127949
128505
128780
12891
129189
1294241
129523
130795
134147
13422
134590
137088
138214
138215
138262
138325
139531
140790
143471
146679
147075
147126
147913
150707
150735
150825
150831
151973
158158
159385
162045
163289
163356
164715
165384
168273
173367
175468
175950
177226
177901
179539
180873
182104
182972
183405
184185
185850
188042
188272
188430
187572
189778
190843
190979
192336
195481
195515
199163
199710
202313
20472
208744
209960
211170
211225
211633
212413
213709
214864
215909
216931
220630
227181
230027
232480
232655
236229
236281
237437
239542
240013
242324
242528
244446
247255
247285
248257
251359
25470
254734
261467
262313
262322
262891
263520
266005
265552
268470
268838
268840
271353
271422
271499
272353
273519
274055
274130
276049
276486
281037
282769
283872
285357
287435
292684
292964
29424
297869
300007
300045
304284
305175
305410
305649
308161
310177
31063
31073
311423
311425
312630
313181
313949
313984
314513
315114
318154
318855
323136
324490
325801
326492
3274423
3283229
3288843
343791
35580
47006
47359
49460
49810
5028
56217
5712
56509
58540
59429
60738
60745
61220
61951
63758
65751
66155
66671
67486
6985
76319
77105
77502
78876
79563
79920
80856
81219
82793
839194
83941
85994
86457
87231
88064
89829
90282
93936
94863
95137
95206
97039
98168
99822
1012613
102839
102868
103295
42444
42526
45790
47358
50036
51195
51987
5402
54474
54803
57463
58586
61048
61110
61872
62500
63250
64807
67038
66579
7035
71225
75032
78336
83868
84787
84801
85206
87802
89788
90372
92324
92739
9355
94006
94897
95138
98587
99852
1004216
10252
102889
10653
106655
107516
107527
107988
108021
110140
111910
1124223
1124244
1125042
1125416
113303
1135033
1143021
1146634
115346
1155415
1157417
115773
1158236
1159816
1160631
1161427
116653
116657
117056
1175441
1181842
119933
12000
12116
123143
123301
1260244
1285834
1285835
129188
1293845
1294240
132985
13309
13315
135776
136888
138324
138371
138406
140662
140666
14443
145961
148215
151634
152109
156834
157457
163290
163355
165406
166968
169608
172109
176243
177132
179552
179629
180822
181717
183281
18468
184742
184948
190960
191057
194640
19544
196722
199598
202058
203327
20430
204684
204878
207458
209804
209873
21004
210718
210722
212494
214743
216034
217274
218130
218710
219807
219848
22064
221521
222456
223133
223628
224470
226152
227307
231971
232494
23356
23429
236266
236277
237627
238740
241317
243234
246566
248838
253869
254735
254753
257753
259029
260238
261397
262270
263911
266357
267597
268919
268926
269192
270156
27199
272716
276524
277676
278554
282827
284861
285458
286138
286749
285694
288644
291728
294092
294186
300879
302587
303852
303895
304281
3054419
306866
308065
30967
312660
315478
316824
318879
320131
320187
320520
321899
320914
32378
32427
324372
325550
326476
326802
3302823
3309659
3310826
33180
3368416
34771
35628
37243
38429
38672
39390
39696
39872
41262
42463
42560
48818
51973
52312
53698
57430
58568
59864
60945
62378
68352
69585
70136
71172
73380
74568
74599
74989
8015
86316
86355
86403
87188
88928
90227
90228
91096
94031
970217
97399
97803
99038
100286
1005012
101461
101559
10254
102977
106717
107929
108864
110496
111443
111895
1124231
112678
1127819
113107
113184
1137016
114525
114573
11557
1158246
11585
1159440
116618
1175836
118496
12026
121946
125259
1267037
1267434
1268640
127035
1280632
1293849
130339
130687
134594
134597
135814
138376
138429
138715
139633
140382
142119
146638
147035
148217
149648
150745
153192
155531
159639
160685
164198
164713
165738
166959
168264
16951
17135
171713
171734
171758
175466
177173
177187
178441
17851
179113
179949
182312
18270
18292
184745
185022
187214
190912
192204
192228
19504
19687
200402
200714
205899
206023
206118
20876
210059
210777
211191
212467
221247
222378
224836
226297
226299
226499
228490
23000
231233
231368
232050
232607
232933
234549
244504
244860
244949
255188
256017
260223
261067
265981
267610
272880
274861
275162
276028
278501
279046
287345
287746
291579
291636
291637
292386
29350
296498
298747
29957
300645
301274
301767
305129
30702
307684
307712
309342
311946
314356
316985
317708
320135
323081
325694
325715
327002
3276819
3280024
3310019
33142
33186
334531
335838
33720
34852
34854
35183
35602
108832
110416
111949
1125824
1135439
1136235
1145028
1155830
115800
115935
1161017
116692
117079
1176230
118337
124082
125325
1263042
1266244
1284632
1285833
1286633
1293437
129578
129720
133346
134146
134569
135777
138250
139067
139477
141587
141976
147182
147214
1465476
149491
149540
150363
15366
155860
38422
41909
41993
43841
46445
49910
50005
5066
51016
51255
54888
56211
60947
61182
61942
62343
62360
63705
66358
6807
68533
68663
6991
7031
73746
75895
7701
77568
79987
82637
85184
85963
88918
89081
91085
91682
92368
93677
9443
99081
99884
104013
105781
1072235
108836
109274
110851
111415
111811
111860
112619
113075
1135838
1136232
1139026
1145441
1154222
1161436
116954
118457
12009
120856
120895
121982
122050
12210
124488
124524
124548
124576
125733
1260644
1265838
127244
128362
12867
1294245
1294648
129757
130862
131692
132075
134567
135811
137901
137919
140584
140734
141171
142903
144515
144607
144614
14594
149115
149683
150400
153726
155244
155532
159058
159083
159496
160829
161635
162007
165390
165679
168260
169200
169604
170842
170992
172348
174618
173865
177100
177165
182107
18229
184704
186675
188470
189828
190845
197087
202131
210740
213591
214318
214732
216229
219770
220652
221929
221949
222252
222380
224938
228673
230717
230782
231216
231243
232425
23307
232979
234145
239946
239981
240119
241213
242269
243488
246331
247429
24743
248293
250796
250846
251213
251360
252494
252660
253833
253026
25469
254757
25501
255112
25902
259040
259727
262675
263564
267570
275116
276406
276530
277323
278503
281448
281562
281609
282787
281923
283926
285362
286571
287404
287869
289055
289081
291146
292391
292779
29408
294091
295323
297928
301671
30232
30264
303883
310159
313246
314226
316820
318214
317313
320713
32329
324373
325603
325605
325722
325803
3274424
3279217
3283220
3294430
3308420
33548
335827
347204
34828
36062
36074
38514
39968
43727
44863
48655
49882
49909
50040
52311
5366
5405
56214
56926
67383
67454
6763
6764
68326
70727
72449
72556
75876
77126
77444
78296
78303
78770
79143
80112
8145
850217
860816
90281
91439
92685
93629
96569
106616
108865
1145824
1146627
115866
117141
118264
118399
119495
120041
124101
124530
124855
124912
1261857
1266650
127221
128375
128409
1285432
129155
1293837
129727
131687
132122
133808
134102