289901
290456
290464
291546
29442
296165
296170
296763
29734
29778
297956
298337
300037
302979
303857
304178
305590
310109
317694
318061
318869
320710
320741
32507
325649
325659
326903
3283221
3302822
3311626
3312023
346860
36851
37223
38530
39733
40648
46181
46305
48265
50751
51260
5447
54799
57493
58572
59472
59926
60680
61928
62879
63200
64906
64054
65781
66164
66325
6806
68705
69989
71132
75068
7702
80389
8118
82158
83793
83944
85166
86010
8911
89163
91499
92728
93644
94859
95415
95425
96610
97807
97990
99070
102715
104954
105448
105519
106267
109425
111808
1124253
11223
1125825
1135816
1142620
1143418
114458
114511
115665
115708
1159447
117034
11997
120840
122048
123300
123401
124065
125827
1260643
1261855
1263035
126659
1273461
1283434
1287835
128733
129647
129668
130856
130917
130927
131656
133259
134201
136885
136965
137159
138257
139406
139537
141982
147817
149114
151646
151906
151972
153286
153717
155614
157455
158324
159075
15932
160890
161953
162034
164487
164621
165358
167423
169491
170474
170793
173342
174252
175864
176027
176653
177075
178480
179132
180817
18154
182205
184744
185400
190927
191398
193497
195844
195885
197271
199122
19929
202286
204258
204628
204717
204737
204768
205931
207288
208685
209944
211125
212311
213066
213142
217262
217344
219413
220667
221061
221859
223137
226174
231193
231366
232696
23318
233415
233759
23399
23437
235901
235907
236162
237392
238597
238682
239508
241975
242387
243255
245006
245760
24604
253442
255087
255117
257217
257859
26103
261054
261313
261492
264173
264763
264782
265297
266359
266369
267167
272343
277310
278558
281068
284350
285319
285343
286548
290317
290358
291578
291620
299302
301811
303072
308049
309186
30966
310617
311387
313174
313278
313970
315115
315168
315487
315678
319498
322681
32327
325589
325607
325685
3276016
3298827
3310843
3310855
3312431
34425
346846
34829
107946
108396
108873
109259
110679
111885
112265
1124258
113133
113255
1139827
1141031
114866
1153030
1156636
1175435
118319
118373
11957
119707
12162
121995
122831
123598
1263433
1266265
127186
127930
1293441
1294258
1294650
132429
138291
139087
143326
143752
145874
145876
14634
148182
148292
148391
149124
152383
153187
154454
154558
154602
156512
157029
162038
40664
43645
43732
44451
48202
51509
51602
52347
53573
54489
54858
55027
55710
56120
58495
58649
59977
61112
61187
61227
62447
63622
64502
74592
74606
78825
78973
80373
80945
82510
85643
86558
87572
87653
89025
91109
91525
94000
94013
94087
9414
94404
95322
9571
99893
100312
102760
103011
104087
104619
106243
107983
108128
109105
109330
1139845
1145425
1145832
1153031
115343
11554
115662
115753
1159037
11905
119212
119494
120819
121938
122160
124097
124549
125661
125866
1261039
1265834
127138
12821
128315
1289032
12906
1291040
1294233
13284
133314
134710
134968
141576
142005
143433
145020
145776
148213
149565
151622
152206
154362
156528
15843
159108
160738
162070
162136
163221
164141
167883
17119
176247
177128
177198
178483
179156
179553
179630
180990
182057
18382
185433
185998
187096
187197
187656
188273
189307
191340
195009
195482
19586
197138
200800
202177
202249
203532
206884
207237
207279
208215
210775
211303
211997
213595
213597
213598
214302
214691
216878
216944
217268
218452
218592
219358
219919
220647
223134
224948
226914
227360
228489
229829
229982
232497
23265
236246
236269
236410
240750
241977
242268
244822
247284
249483
251179
251396
252497
256448
257626
259785
26073
261455
265943
267459
267498
271354
273899
279361
282796
282823
284058
285360
288574
290178
290312
292858
293970
294947
296435
296601
296648
295817
300586
303866
304386
304430
305540
306855
307686
310178
31052
310784
312659
316897
317690
318216
319287
319512
320154
320658
323950
32420
324492
325472
3254817
32660
3300437
3304017
327310
346852
34918
36050
38423
38470
38494
40963
41940
46943
50662
5085
51169
51323
52572
54859
59481
61043
61111
61893
63213
67473
71173
75184
77622
79990
80052
8051
80887
81320
84780
86483
8638
88922
90291
90321
91063
9398
96172
98976
99803
1005414
101731
102672
10272
10328
104989
105383
105390
108854
109278
110553
113076
113179
1141038
114418
1145043
115705
115748
1158239
117143
117886
118448
120715
12098
122810
124066
1259875
126098
126221
1263837
1266638
129158
130784
130861
130987
131623
134709
136943
141204
143428
143434
144180
144627
144650
14712
148291
15026
150788
153384
155615
15736
160288
162036
16200
165829
16585
169220
169553
17001
170725
170858
17087
171750
173368
175524
175951
176054
176658
177925
178391
178414
180839
180917
18317
185364
189872
19106
192141
193480
194289
194290
196735
197911
199188
204686
207290
208234
209920
210785
211221
212335
212358
215536
216198
217267
217308
217484
218120
221173
223507
224840
224888
231293
232007
232605
23380
233850
234221
237484
239875
239881
241126
241974
24257
244494
24519
247339
247353
24746
247532
249933
252579
252585
252662
254680
256566
257895
258990
25900
259027
259770
261395
265217
26686
26702
277627
279014
279117
280242
281082
284863
286639
288615
288645
291534
292928
293241
297439
298708
302989
305174
306750
307995
308163
311821
313188
315602
315615
317040
320657
321423
322256
323243
3237620
323930
323940
324325
324390
325646
326854
3272427
3276017
3296028
334533
33510
33547
344176
37139
39407
162200
163313
166973
170894
172115
174751
175495
175509
176744
176746
176974
178368
178392
179168
181720
18220
18223
18272
182994
183277
184581
184582
185755
185847
186694
190875
192233
201722
203021
203468
205989
207505
208742
208815
21002
211127
217256
218548
219923
220664
221176
22142
22221
223158
22525
225723
41495
45714
47324
51074
51124
53694
54766
54890
61222
62323
64805
64947
65773
6765
68307
69984
76234
77544
78320
79098
80019
80901
82131
83502
85222
872017
87244
87247
87845
88935
8973
91446
92908
97436
100293
102801
103671
106684
108874
110581
1135025
1136253
1140239
1145416
1145431
1159054
116676
1175450
118270
119565
120453
121646
123362
123400
1260632
1261849
1262632
1264236
1266266
126652
1267043
1267059
1275852
128477
12848
1285036
1293833
131672
132027
134727
136540
139113
140586
141560
141611
143430
143826
14655
146994
147237
148258
149163
15425
155205
155264
156569
156934
15775
158255
159638
160800
160914
162889
163176
16268
164544
164590
165677
165731
167130
168421
170845
17176
173448
174636
178419
179196
180428
180870
181734
182335
182914
183314
183399
184207
184555
184648
187196
188496
189306
189676
189833
191007
191756
192291
195006
196003
205537
207231
206445
208662
209945
209958
211954
211991
212410
213116
214758
217441
218678
21999
221012
221076
222816
224881
225659
227230
228675
231548
232067
232438
238807
239476
24246
24248
243623
245078
24521
247483
248657
249592
251695
252536
255241
258891
264109
269020
271064
271417
272676
272801
275300
278555
279045
280111
281615
282793
284147
286506
287917
290176
290407
292368
292370
296500
29741
29830
298239
298691
301824
303879
305123
306753
315543
316433
316745
316778
316878
317634
318067
31956
320559
3250416
326887
3272431
3274427
3282416
3305628
33139
334552
34348
35920
38060
40966
41962
42007
49443
49935
50746
51298
51998
52008
56216
56219
58464
60013
6768
70037
72068
7335
75065
75147
78333
8153
83019
84023
87543
89813
90248
90317
90331
91962
9405
94881
95211
95375
96527
98936
100334
100383
101452
102949
107884
110141
111883
1124228
1128623
113103
1135440
1142225
1143024
1143420
1145051
1145448
1156628
1158250
116987
117827
12070
121663
121244
123297
124372
125336
125660
125871
1261832
1265840
1267032
1269046
127053
127470
128316
1285439
12876
1287834
129218
1294645
129651
130989
134975
137360
139088
140906
142061
142850
14442
14444
145918
14652
14656
146699
146302
148259
148447
149431
150383
153269
156875
158201
159421
15966
163293
163311
16586
167002
169803
16999
170905
170944
172063
172317
173361
174624
175511
175863
176735
177078
178374
179490
179970
180937
183363
190959
194263
195524
197502
201299
202633
205898
207336
207347
20777
208184
211193
212360
212397
212415
213144
215594
217392
216563
22112
221156
22207
223548
224449
226028
226904
228139
228611
232570
232701
233424
233708
236306
242525
243181
243241
244401
245049
246966
247300
247837
248799
250166
251180
251281
255993
256415
257233
257720
264682
265024
266008
266513
267645
268039
269751
27064
271406
273522
275376
275613
277818
278488
278878
278976
282841
283998
286189
287774
289509
291204
294104
297488
301342
304279
305549
306819
30690
308158
309121
309192
316917
31925
320523
320604
321749
321895
325546
325636
326491
326805
3296026
3311238
334558
335854
33621
336334
36045
36051
36052
36885
40998
41941
226162
229129
232477
233713
234999
236303
238604
242389
242423
243492
244503
247373
24744
24805
252705
256006
25768
258573
259039
259808
261660
264110
264767
265354
267600
268449
268924
270191
27092
271078
271404
271493
272800
272809
272914
27313
275202
275259
277337
281525
283556
285460
286595
286778
44521
45089
47394
49956
5123
52282
52857
54472
5716
59428
66120
6849
68728
70135
7667
77543
77835
78826
78921
81391
81429
82511
86400
89363
90269
93651
94074
9439
95352
98622
98937
102865
104246
105513
106803
1129021
113078
114049
113601
1146630
117831
121940
121984
125803
125905
1269043
126127
1271833
1285444
1287837
129126
129192
1294633
130740
133412
133427
13369
136120
137428
139097
139476
143322
143336
144173
146919
147083
150378
151669
153229
154030
156882
157770
15870
159512
162044
165833
166611
169556
171767
172986
174585
174681
174710
175465
175871
177467
179198
179497
181019
183318
183530
186661
187145
189277
192337
192389
194195
194219
194790
19500
19506
196061
19689
197166
199162
199489
202083
203473
204234
204876
208697
208778
211172
213589
215576
21758
218148
219978
225657
226298
227393
228211
230099
23551
236953
238251
241015
243657
244948
246080
24625
249521
25000
251322
253878
254727
25976
260196
260220
260297
26687
268974
270231
270350
271364
271401
27201
272718
275166
278915
279747
279748
280157
281504
281836
282881
287724
287770
288630
292634
293663
294108
296497
297826
29801
299997
301279
301885
3036829
306378
306009
307671
307706
308199
31046
311082
31140
311716
313950
314421
316896
316986
318056
32325
323968
324483
326461
3272825
3311254
35618
36884
43697
47765
5064
5069
50718
51156
51204
53570
54933
54993
5545
56262
56953
58569
59444
61000
62448
62708
63501
64478
66146
67446
72118
7241
73392
73927
78356
80201
81382
82518
86450
86802
87842
89021
89038
91121
91837
94864
9570
96486
100191
100233
100275
100276
101633
101638
106192
106686
111812
1135046
1145850
115661
1159435
1161425
117138
1175030
1179486
118451
11951
12003
120844
12445
125312
125592
1259843
1260648
1261841
126681
127936
1288638
1290237
1293432
1293859
1294248
1294632
1295432
129725
1339034
134198
135350
136927
137910
138329
138409
139045
139639
140669
140795
141529
143231
14555
14654
149145
150967
153232
153271
153727
154503
157144
160289
160915
161105
161577
161994
162173
162342
162343
163371
16655
166919
167865
167915
168511
170993
171708
172957
173348
17516
175883
176056
177189
179634
182108
185366
186735
188335
189340
190944
192278
197086
200412
200752
203013
204690
207229
211158
211216
214647
214760
218107
220680
22144
221898
223626
224472
224476
225040
228610
229441
229988
230753
230783
231157
231292
232653
233414
23408
237413
238238
238600
239529
240730
242455
242580
245773
24642
248869
249527
250047
250049
250185
251181
251698
25460
255003
256420
25856
260219
26034
262590
263600
265235
266506
267502
268820
270204
271877
276407
276417
277624
279807
279808
281550
284117
284800
285274
28556
289913
292815
29349
294005
297523
299986
301951
302626
304239
306898
309187
310540
314417
315166
315563
316818
316845
317684
317688
317706
321755
322624
322666
3244824
326431
3265221
326824
3305625
3320816
334534
34794
288995
290315
291577
292390
293236
294920
295377
295539
297831
299307
300049
303030
305587
308030
309235
309394
310108
310813
31407
315531
320119
322995
3232016
324550
3256817
3263216
33183
334547
34375
35594
36075
38106
38389
39364
39367
41964
43702
45053
45736
47438
51299
53221
57368
59843
59979
61848
63210
63600
64116
6414
66110
68758
69904
6994
71170
71249
72687
73712
75808
7669
79619
8053
82170
851414
86488
88517
90315
94051
9497
95255
96650
98868
10319
106189
107018
107883
108852
108872
110512
110642
1125437
1125462
1126616
1135824
1141021
1145438
115310
11552
115802
1158636
1181091
118497
120831
122060
122845
12443
1259838
1260646
1263037
1267047
127185
127904
128506
128507
1287832
129125
1294256
131682
132151
134143
136923
137086
138328
138345
139598
140791
14099
143325
144130
144667
147051
14713
150826
151635
152072
152228
152874
153616
154516
154561
154910
155703
156918
159466
160687
169492
169620
16997
170507
171752
174194
174269
174745
175823
175884
175904
175949
177102
177228
177963
180732
184440
184760
185820
187271
191751
192230
193533
19632
198342
202983
207186
20942
211169
211194
214731
217255
218160
218617
219788
219867
224475
225646
226027
226159
227367
227511
227514
235085
238786
242014
243218
243696
244937
24609
247350
250782
252499
256011
25735
25818
261391
262791
265163
27231
27251
273610
274127
274792
276555
279800
28434
28553
28573
287006
287718
287747
292406
296748
296752
297497
299097
300517
301722
30291
303144
304097
304265
305539
308120
309226
310455
310693
311838
314225
314297
31431
315483
31569
318504
320136
323301
32425
32501
325474
326429
326803
3302818
334537
33582
33619
336332
346861
347214
34846
36132
36841
37377
38110
39784
43218
46201
47542
49005
49804
51207
53691
53704
5567
55696
55725
56007
58779
59484
61494
63597
6376
64857
66247
68341
70306
71324
76259
78298
79533
79565
84079
851412
85248
85262
85339
87632
88933
90231
90407
91572
91613
93937
98549
98609
100194
100335
102459
10607
109281
110097
110126
1125833
113248
113252
1140639
114417
1145820
1146632
115747
1159055
117903
119179
1202642
120711
122023
122163
123290
124441
124483
125865
1263835
1265876
1266639
1267035
1268637
127184
1273842
129203
129619
130340
130691
131705
136886
138256
139509
142049
142165
146007
153188
156532
157456
158177
159468
160741
161082
161606
161607
161622
161624
164678
166925
168277
168379
170989
171732
173009
173437
174654
177190
179611
182133
183400
186734
187098
187190
188010
188550
190908
192150
195443
197912
198297
200847
200874
202141
204288
205203
205971
206122
206866
20920
212355
213588
213886
216006
216393
216925
218128
219869
219925
219952
220973
221054
223470
224906
227355
227404
231244
23439
2359216
236988
237571
238723
242317
243658
245734
246972
248597
249854
250799
251224
253414
257855
258996
261438
264012
265067
267575
267745
268823
271040
275121
277333
277707
279018
279120
279781
280236
281444
283623
285421
286505
287870
290293
291492
292775
294235
29433
294977
295537
296462
29834
298743
299185
299615
302608
3026416
302163
304133
304219
304224
305148
309285
311771
315484
316479
319436
31952
321791
321893
324551
3274422
3275219
33467
48791
51301
5415
59945
60736
62288
62289
62325
63235
63241
6466
6472
64948
68644
73859
74982
7735
77546
78712
79998
82133
82169
82696
83860
83876
84048
85962
86007
86045
86491
86507
87574
87575
89763
91443
92732
95348
96713
101683
104089
42272
43229
47002
47326
47404
49496
51132
52460
52485
54800
62501
63579
64524
65787
66078
68259
68257
70133
71415
72072
73894
75405
78671
78737
81473
8214
82671
8301
83103
83946
84020
87747
89020
92678
92818
92909
95280
96201
96570
971818
97768
97858
98604
99052
99881
100449
102674
10274
102838
102988
106286
106676
109332
110415
110458
110518
109761
111888
111957
1128217
113201
1135045
1145021
1145433
114577
1145819
1155425
116638
117864
118317
122116
1261448
1263833
1265852
126638
126990
127241
1273041
129726
130836
131706
132155
133194
133317
13360
134585
134708
135835
135878
137909
139517
142118
142492
143470
14632
146663
147879
153183
153231
153410
154063
156836
156878
156921
156985
15887
165368
165822
167050
168345
169161
16996
172157
172284
173344
173375
180776
180871
182136
184549
187220
188007
188296
188479
190525
190870
190880
191784
192146
194603
194787
194794
195510
195805
196062
196248
19627
198217
200403
200434
200455
203046
206009
209923
211154
214697
215910
217294
217478
219812
22062
221108
22123
221947
22322
223471
223658
224487
226153
226154
228163
231238
233856
234602
234956
237481
238599
239970
240060
240732
242232
24561
245759
245775
24607
250874
25444
255169
256378
257628
257631
261020
261398
262801
264781
264793
265142
265338
265979
268425
270561
271068
275319
278502
278911
284052
28515
28567
287781
287826
288589
289140
289889
291126
291177
291438
292849
29406
29418
297868
298011
298673
299133
299150
303073
304175
304320
304425
309389
310536
314295
314416
315217
316410
316450
316849
317973
318245
322629
323103
323150
323239
325548
325774
3260816
326801
3274016
3301227
3310018
32722
3311616
334556
34767
39942
44961
45735
46941
47289
48648
54996
56140
57668
64923
66080
66185
66634
6737
68339
71248
72539
7288
74935
75465
77081
77433
80941
86406
86505
88101
88920
92877
9404
95325
96520
970618
101117
101996
103636
104308
10699
10880
109238
110155
1125019
1125444
113038
1138632
1143036
1143045
114450
1145046
1145417
114576
1146618
1153036
1153826
1154218
1158639
1159031
1159429
118323
119680
119708
120415
121908
121939
124601
1260656
1266249
12820
1288633
1293846
129525
129643
130366
132121
13366
137906
139025
139047
140353
140742
143363
144761
145818
146683
148330
150401
151579
151645
154043
154031
155267
157087
15806
159022
163420
164622
164679
165330
165385
166954
167072
167901
168378
173524
174238
175860
177225
17840
180404
180876
181018
181640
182066
182179
182303
183488
185418
188270
19064
193429
193511
194274
194559
19589
197060
198456
200947
201006
205936
206164
207335
210719
211021
21223
214695
215620
217394
219954
220663
218957
223627
225707
22566
228694
228698
230691
231239
232609
23411
23433
2359617
238607
239103
239509
239871
241962
243242
244944
245079
246932
246951
248801
251620
250816
251307
252101
254732
255187
256240
256848
257756
258477
258534
258537
258977
259019
261072
261353
263546
263612
265022
265104
26731
267496
268868
268889
271759
27237
273541
273574
273951
274795
275304