320186
321836
321896
324488
3254416
325544
3266022
33181
35913
38087
39875
46068
46915
47390
49481
49844
50003
51125
57349
58613
58650
59798
61003
61912
63536
6413
66147
67081
6822
68739
69566
71323
71413
73667
75142
77109
78319
78944
79608
80015
81380
8194
83832
85250
85332
86456
87571
88576
88925
90232
91092
91612
95465
97734
98938
99040
100269
101106
104010
104110
104134
10560
108842
109240
111395
1140250
115670
117863
11948
122056
122058
122858
125303
1259864
126210
1265860
1273849
1280636
1284232
1285433
1289432
129602
130774
13267
133300
133379
134436
13470
134916
139457
139500
140805
14177
143229
143282
145461
14626
148294
1495078
149538
15424
154556
156568
156989
158083
158254
159513
160832
160946
161608
162037
163278
163462
166614
167895
168275
169231
174577
174620
178413
179166
182110
182910
183402
185708
185897
187183
190149
190961
194602
195500
19593
196009
198320
199203
199536
200754
204238
204624
205647
208775
209857
216900
217486
216461
221466
224423
227318
228166
231099
23586
236267
237391
237395
239510
240063
241124
243795
243821
244730
244917
245077
246332
247343
24778
248311
249541
251367
253415
255088
256241
260036
265339
267595
267613
268839
269746
272674
272834
272916
276001
276087
276485
277666
277824
280237
280356
282715
282790
284851
291493
291693
292724
295292
295511
297975
297072
299231
305550
306010
306379
30974
310172
31049
313150
313920
314340
316491
316816
321001
322005
322148
323245
323954
325639
3263219
326888
3272429
3274420
336335
34915
34923
35993
37295
37323
38384
38676
41147
43584
43628
45007
49495
50667
106598
107892
110601
111952
1125026
1128218
113195
1135467
1138237
1139830
1144625
1145017
1145437
1145849
1147015
1147417
115348
115776
1177833
11945
119535
120388
120814
121909
122024
124959
1261438
126268
1265846
1266268
127036
127052
1273466
127918
128812
132080
134552
135873
135914
136969
137876
138297
139068
139638
140700
143228
143286
144671
14754
148218
148219
155257
156492
156879
15886
53653
56116
56259
57413
62375
63623
64907
66112
70728
71296
72513
72653
78332
78780
78881
81348
81395
82154
84049
85605
87661
88880
88938
89067
96212
96524
96526
96611
99001
100232
100422
1005443
101054
101460
102873
103683
105013
106614
106661
1073030
110576
110644
113079
113964
114475
1145026
114512
1145833
115328
115803
1159047
1159437
1179487
120430
120862
121945
123146
124602
124995
125327
1267039
127557
128376
1293448
1294255
1294644
1295033
130839
132188
134910
135695
137141
139473
140739
140850
143368
144479
144578
14627
147129
148329
149121
153430
154070
154071
154357
154408
155755
161625
161989
167863
168534
17090
172937
173006
173362
174266
179150
179496
179537
180772
180811
183429
184211
183826
188341
188907
192187
192267
197868
197888
197577
197926
198458
202196
202248
203416
205626
209814
209924
212278
214894
216971
217264
220699
220706
22171
222463
22318
22345
224495
228219
233425
235850
237007
238219
239873
241182
242476
246107
248868
247866
251137
251210
251362
252085
253437
253861
25511
257868
258859
261354
263953
266754
267746
268767
269062
271355
271494
275170
276463
276476
276509
277685
277797
281001
281049
281463
28433
284832
285454
287680
287717
289059
290497
29401
296200
296700
296753
297830
298671
300003
300426
301717
304384
308220
308821
31217
313947
316746
316844
320120
320649
322996
325470
3264018
326798
3272421
3274816
3302817
3309240
3319216
334522
334553
33567
35910
36131
36370
38516
38679
39801
41040
41230
43580
44906
48785
51256
53205
53652
53697
5492
55713
57327
58181
58461
58643
59848
63596
65761
67034
68252
68310
68812
69537
69583
70784
71219
73381
76323
77434
78915
8297
83036
85263
87630
88926
90244
90631
90677
94016
97857
97875
101561
102869
102875
10294
108844
109333
111379
112152
1125025
112614
1127818
113598
1136615
115814
1158627
115865
1159053
117142
1172657
117543
118175
118395
119227
12005
120445
121325
124442
125810
125874
1259867
1260235
1262233
1267053
128319
130688
130811
132157
13257
13355
134566
136942
138265
138344
139636
142022
144166
144478
144628
14532
145953
145963
146985
147032
147179
148733
149592
150968
152846
153381
156871
15777
159611
15972
163374
165928
166628
168265
16953
170921
171757
173374
174794
179493
179581
183447
187159
189735
189875
191003
196747
198359
199527
199553
201706
202172
205608
205928
207341
20828
209475
210029
21056
210742
211200
216557
217383
219389
219697
22034
221015
223510
223512
223775
222821
224933
225992
228213
228224
229400
229831
232546
232692
23377
233784
235899
237022
237604
23797
239838
241089
246079
247352
254700
260197
261381
261633
262751
265138
265336
266780
268424
270157
272346
272733
274813
277721
279016
279125
280122
28075
284068
286427
287720
290387
291489
291616
291697
293661
296167
296187
296599
296625
29888
301884
304172
304701
305411
305546
305612
308032
309329
309390
311773
314352
315489
316780
316825
321414
323135
324352
3262820
327034
3276019
3281617
3303617
334562
33563
335843
343816
34845
37316
39869
41064
41226
43205
44868
44911
46136
47004
5103
51123
160817
160845
160887
162176
163461
164164
166923
167866
168272
168445
173311
177231
178511
183278
183349
184142
185848
185942
188446
188468
188497
189337
193027
193508
193620
197272
19747
200934
201646
202597
203284
203461
208196
208679
211156
213151
216021
216899
216901
21726
217375
217378
220717
221058
222253
223513
224947
226131
57386
57495
60045
60728
62449
67442
67525
67615
67648
68343
71275
72543
74882
75864
77515
80050
8152
81755
82684
82789
84727
85183
86012
86425
87637
88546
89083
91500
92814
94130
95360
97447
97801
97804
1005812
102939
103596
104133
104992
106601
107080
107077
109195
110647
1124224
113041
113196
1135458
114508
114509
1146619
1148625
115754
1158242
11588
1161025
1161030
118291
118394
11906
119185
120419
121630
123316
125626
1261033
1265832
1265841
1265853
1289433
129190
1294639
129524
131621
131702
13221
133247
133295
133467
13468
135339
135810
135880
135911
139024
139634
141920
145896
147058
150741
155203
156529
159528
159909
165420
165941
167361
169555
171707
172206
173277
173363
173373
175507
177079
177084
17853
179494
183408
184182
184219
189827
193390
193578
194264
194830
197174
199137
200400
202087
204268
206166
207286
208544
20919
209101
214654
217296
219012
220700
221249
223578
223644
225645
226076
226097
227357
227390
228591
229473
231101
231197
232689
235832
235881
237048
238255
240092
240754
241220
24223
242266
243266
248295
248647
249545
251364
252053
254758
255046
256791
257660
258888
258937
260162
260344
261546
263881
265154
265331
268817
268818
270088
270317
271329
271361
278485
278936
278938
279766
281466
283871
284056
28492
28571
287409
289122
290253
293265
294136
294891
296749
299149
301280
303098
303855
30299
306387
306818
30691
311886
313074
315432
315940
317970
31975
321748
32423
3251217
325658
3264016
326480
326734
3268822
3290016
3312419
33599
33622
343750
34844
42865
43588
44034
46913
47357
47367
52539
53231
53692
56118
58542
58632
58747
61184
63629
65032
67443
68258
68821
70020
70089
69085
71277
72071
72614
73335
77431
77565
78717
8103
81306
82132
83464
83939
84374
85224
87728
87866
8959
89789
90175
90267
90413
91485
94407
95326
95424
96712
97736
98577
99190
100647
1020613
102871
10303
103637
108033
108098
109386
110534
112641
1128215
113329
1135072
1145041
1155835
1156633
1159030
116683
116685
117200
1174640
1175038
120418
120681
122760
124482
125351
125717
1259844
1265434
1266277
1286233
12889
1292234
1293835
129722
132186
132962
133250
133318
13368
134474
134551
13474
13475
135366
135774
138254
140735
14142
141595
144768
14651
147054
14717
149137
152088
153327
154457
158122
158711
159556
159608
159613
162888
163225
163300
163312
164530
166917
166918
173371
177038
178222
179575
180814
18290
18313
185016
185678
185883
188618
19136
195477
196005
19692
203458
204239
20847
211134
211331
212459
213519
213957
214716
216096
218072
218628
221882
223469
223504
223659
225688
225722
226116
228815
22998
232424
232700
236278
237348
240316
243793
243801
244816
245720
247286
247287
248747
248836
249557
250019
255006
258883
259041
25973
261388
262818
263952
265112
265526
266566
267596
269056
270151
271757
272915
273619
273954
274845
277753
280254
283928
283137
28470
285252
291742
292854
293999
297787
299087
300046
300782
301665
303006
305545
304736
308051
309225
309341
309453
310576
313099
316819
316987
318136
319331
319345
320521
321427
321813
324425
325201
3266821
3285216
3311625
33600
336321
33994
34770
35613
36122
36888
36891
38061
38434
39975
41994
43221
46307
48253
48274
50363
51205
53266
53611
5467
56139
56213
231173
233413
233418
235079
237435
238743
242371
242559
245046
245762
246132
246948
247773
248315
248594
248764
252661
255153
256733
257291
257658
25898
261387
265021
265159
265174
265227
265977
268815
270181
271542
27355
274050
274794
27544
279801
28085
281022
282716
283605
284885
285134
286601
286618
286723
291539
59868
61960
64850
64864
66326
67011
69551
71327
71328
75072
75861
76413
76624
78373
78808
80044
82513
83504
86487
87499
87573
88932
88981
89023
8972
90320
90418
93619
94132
9507
99083
100284
1005048
101119
101494
103674
104072
104932
106190
106660
107522
107532
1072230
111804
1124219
1125455
1125840
112714
113080
1140243
1145018
1148216
115808
1158234
117032
117037
1175493
1181092
119575
12211
123258
123286
125313
125760
1259860
1261856
1266253
1266652
1266662
126919
1273851
127891
128314
129487
131014
13282
133260
13358
13496
136847
137139
14486
147053
148326
149598
151195
15389
154364
154557
155622
156559
156873
158115
159569
161575
161636
164197
165389
167003
169995
17053
170920
173556
174248
174617
174635
175508
175826
179167
180890
183312
184184
184584
185875
187031
187153
186312
189321
189873
190500
190524
19591
204544
206898
207512
208698
21006
213710
214251
215645
216010
218162
22222
222292
223600
226080
229443
229474
230769
232587
234601
239475
241219
242369
242523
244445
24601
247257
247531
250024
250833
253879
253977
25489
256025
25903
258103
259724
259749
263544
264014
264780
265155
265353
266020
268893
271405
272712
272909
28042
283572
292773
296164
297950
298367
298729
29904
300393
299544
30287
302984
303383
306752
307996
308119
311106
311430
313070
313985
316413
316843
317656
31957
320158
321442
3231616
326460
3265617
3272422
3282423
3284816
3296025
3301623
336328
3367616
343789
34694
347207
34732
38562
39408
41985
43266
43586
44535
44157
45752
47437
48273
48667
50037
51167
52427
5414
57286
61929
62422
64491
64993
67510
68607
71226
71319
71339
71378
71629
72958
73370
7741
77520
78738
78877
80913
8199
82612
83940
84047
88187
88882
9007
90226
91616
93931
94001
94003
94067
93188
94924
95276
95422
96669
97834
1005442
102414
103014
104075
104084
106704
1125034
1125432
1125436
1125828
112588
113036
113134
1136617
1139023
1146636
1148619
115668
1161026
1161032
1161424
116669
1172283
118292
118364
120367
120837
122825
125731
125732
1261035
1261440
1265433
1265872
126660
127118
127921
12894
129559
132025
136889
138601
140620
141591
142004
142198
144172
144573
14542
146003
146006
149751
152016
154599
154911
155674
155738
156577
158084
158217
15839
159612
160739
160743
164636
165942
166610
167052
16950
169824
170893
174235
175976
177040
177082
177142
180918
180985
181025
182203
182584
186003
187117
190574
192245
192250
195990
196008
200431
198818
201644
201960
203537
205930
206841
207302
213082
213128
214288
216158
216954
217444
218614
223189
224901
226125
226265
227233
227308
229472
23270
23440
23553
235829
238236
238253
238660
239986
243755
244467
245777
246160
248283
250818
252581
253865
253904
256283
256285
257585
258478
25872
259025
259030
263601
265352
266295
266388
266512
267162
267644
268459
270236
271328
271403
271495
27155
275410
278137
280121
281510
282750
284146
284833
287406
288641
290458
291166
291694
293697
294123
294126
295510
296217
297001
298746
299090
299235
30010
303854
305505
305630
306419
306757
309737
310534
311823
311848
313919
313953
314353
316847
318873
321798
324290
325552
326770
3276818
335833
336329
33712
347318
35562
39698
39976
40191
40700
41059
43747
45292
48264
48272
48685
49807
49849
50063
5109
51117
53610
294231
295341
296555
299188
300013
30009
303885
304216
306899
306962
307001
309197
309236
311455
312984
315174
320185
325637
326806
3274421
3289627
3296421
3301619
3308419
33155
33179
34392
34409
34769
35566
35912
37241
38630
41060
41103
42271
43673
48658
58215
63686
66249
66526
67024
67441
6828
68606
77472
78718
80049
80167
81472
82134
83831
83879
86420
88156
90172
92741
92742
93934
94898
96185
971019
97821
101736
102842
104994
108127
109229
109390
110577
1125439
1136250
114048
1141815
1141816
114423
1158235
1158634
1159044
11619
117123
118170
11953
120883
12096
121592
124529
125718
1261450
1266234
1268641
1269044
127892
1291046
13222
134214
134469
139560
140366
142877
143197
14488
146984
147840
147857
149637
150765
152056
152231
155673
155810
156987
160735
162039
162422
163275
164155
164158
164928
165402
165795
16639
168757
169704
170506
17074
172125
173438
174267
174682
174862
176656
177127
180778
183316
18434
184619
185822
186006
189247
190836
192139
193494
194828
195480
195983
196724
197232
198464
202063
202102
203412
204685
204784
204839
206197
20779
208612
211063
211176
211993
213389
213427
213564
214793
215957
220247
224841
227858
228603
232572
232956
237393
237409
238598
238608
241181
242006
244417
244468
246112
246116
246211
246973
247298
249594
249995
253416
253734
255005
256327
256464
256524
258858
258943
260323
261392
261473
264766
26672
267556
267956
268869
270213
271497
273862
274827
277744
277747
278935
282677
283574
284050
284882
285361
287767
289056
292722
292812
292926
293704
294057
294935
295359
295374
295508
296483
296754
297412
301322
303851
310621
311920
313893
316508
316715
316882
318248
320199
32461
3255627
325770
326443
3266830
3267619
3309656
33586
34424
34920
35560
37240
39315
39969
40662
43254
44950
47444
48649
49478
50035
51128
52423
5413
60711
62249
62345
63224
63684
64503
64854
64890
65064
6736
68342
69536
69906
73728
73771
80946
84725
87702
90409
9279
9280
9357
93601
9416
95491
95493
96670
98869
99854
101685
106554
110465
110503
110583
111846
11193
1124250
112992
1135425
1136261
1142215
1145446
1171919
1175433
118322
119170
119184
119210
120796
124053
124579
1263836
1267057
1267060
127074
127179
1273454
12843
1285440
1293863
129560
129598
131671
1340634
134568
135376
135941
136545
136236
139664
145462
145857
14716
147207
148333
148385
154431
157143
158249
159465
160827
161952
162478
166615
166960
168381
169552
169720
170843
177959
179593
179686
180991
182447
182943
183280
183490
184213
184640
185861
187272
189761
193088
193512
19563
196057
197053
19722
197233
198319
200793
204688
204689
204761
204875
205925
207282
207513
20833
208649
210774
211155
213468
218581
218619
22188
22324
224445
224450
225660
227820
228141
228674
231153
231170
232005
233851
233902
238783
240785
242368
243678
244897
247744
252102
252580
253834
255089
256380
262325
262897
267150
268734
269019
270348
27060
272375
274006
275117
276656
277311
280160
28090
281677
28514
285206
286597
291218
294054
296109
296460
297466
29848
299093
301743
301949
304213
306717
306851
309122
30938
309387
310176
310592
310738
311384
311947
316509
318054
318130
318137
318260
31926
319281
31953
320182
321417
324200
324286
325202
3272821
3283219
3303218
336326
343745
36857
37107
37315
38077
41997
42382
42528
49943
50042
50734
51014
51133
54492
55726
56119
56215
5714
58780
59483
59929
60011
60697
61950
62411
62503
64026
6771
6845
71164
71380
73891
75893
82152
82790
83833
85979
86458
88936
89814
91558
90633
92882
94857
95208
9615
96593
97876
97894
101381
102476
10340
103302
104036
110378
52601
54404
54949
57367
58583
59454
60650
60695
62250
62450
62451
63653
66116
66624
69941
70087
70444
71165
72406
72652
72983
74605
75179
76224
76310
77067
78335
79622
79984
8059
80935
82138
82520
82634
84798
84799
85178
87838
89792
93154
94901
96595
101105
1020615
102763
102766
102767
103668
105407
106518
10846
1125816
1135849
1140221
114032
114457
1145035
1148617
11529
11618
116656
117907
118367
119127
121288
124501
125287
125314
125759
125771
1261839
1266658
1269032
1269042
127050
1273460
127933
1293838
130004
131658
1332235
13421
134610
138373
138379
140664
140786
144186
144556
144765
14491
14629
147082
149737
150793
150914
151977
153326
154519
155204
15735
164517
164546
164680
234612
23517
235212
240093
241130
241226
241922
24221
243177
243701
243799
244813
246076
252444
261472
266541
266544
267457
269761
270176
270349
271397
272388
273586
275201
275260
278487
279732
281469
282389
284115
285316
287824
289910
292388
292929
292971
293659
294919
5445
54771
54772
56043
56949
58157
59805
63463
66283
66491
6995
71177
72414
72467
77121
77391
80940
81360
82173
83885
86421
88547
88130
90265
90318
91110
92385
92681
93600
94862
95299
97838
100187
9945
1004612
102042
10306
105787
10651
10654
10658
106615
107523
111887
1125843
1127416
1140248
11528
115771
117127
121881
124099
1263834
1264235
1265870
126613
1266242
127180
1273457
1288235
129153
129617
129756
13357
134464
135750
135775
140349
140784
140808
142167
143223
143279
146677
14751
147901
148324
150739
151177
151596
153273
155739
156969
159530
163223
164548
172126
176052
178384
179491
18232
183493
185365
185413
187102
187125
188382
188501
189826
192371
194831
197927
198218
198360
200796
203417
204257
204738
204780
206058
206844
208696
209512
211192
212463
214912
213917
216231
21709
216561
221946
22224
223501
225705
227337
228605
229464
229985
231242
23310
234590
238556
239535
239878
243279
243599
243605
244486
244896
245733
246911
248840
249829
250831
252103
254717
254743
256333
257698
257858
26035
260582
262706
264002
264044
264769
264778
266000
266433
267181
266781
267593
268772
268894
269699
270216
271797
272669
272715
272775
272878
273621
273896
276572
277293
278955
28437
286140
292726
294106
299151
300518
302571
305542
30670
306869
308860
310491
310541
310578
312644
315475
316840
318085
318246
31940
320184
323037
323240
324491
3282427
3309621
33518
335830
36161
37250
41042
42567
43189
43795
44520
47288
47435
5029
111366
1142219
114432
1145444
1155426
1158245
11587
1160635
117196
119492
120797
125664
1261451
1263435
1275449
128816
1294249
1294637
129717
130744
133337
13371
134996
136562
136932
137093
138258
14181
143426
14653
146693
149430
149548
150708
152090
153247
156564
156968
158081
158179
159416
163358
164485
164550
164593
51065
51108
52466
52537
55664
56173
56938
63538
66150
68279
71174
72655
73352
73739
75044
80012
81345
82182
82586
82675
82747
84785
87724
88575
88985
8990
91120
93891
93929
95347
9572
96591
96607
99169
100288
101636
104186
104305
106247
10650
106658
110494
111392
1124257
1126217
1128222
113035
113085
1145029
1145052
1174631
1175451
118220
118370
120448
120818
121629
122120
122814
122839
122859
1259870
1261437
1269039
127948
129516
129729
13469
143226
144516
144610
146004
14618
14752
149600
149646
150666
150844
150943
152847
154504
155229
159079
160350
160837
163463
164114
167019
168431
170985
173312
173445
174571
175496
176654
178320
181724
18291
18294
183711
184190
18436
184542
184545
185412
188388
189745
190958
192180
192186
192189
193509
193526
193576
194262
194266
195882
198513
200794
200813
200976
201730
203044
204286
205589
206512
208684
209816
214249
21368
214810
215625
216201
216968
21710
218576