240403
276814
191271
308393
304641
145021
46632
229127
205127
112214
231595
161174
124857
51552
247770
251724
285722
164946
288224
145083
56510
220226
37654
7376
244071
13771
280572
93233
161212
184960
205126
190199
327312
26275
183736
239137
79233
212773
163778
61492
171350
34005
44076
118749
97063
141074
118716
243993
57800
66525
175032
54058
285693
269337
105848
16272
280628
182485
64121
104590
223959
60217
88158
294538
130009
114941
193902
213966
268014
172617
47835
54061
309743
152499
70415
110976
220284
95749
319683
26371
150008
148735
34000
35250
71692
50335
211598
250466
247835
290769
153703
202596
210339
158685
288226
216524
157421
117510
157422
299611
200026
207805
265618
137465
40259
215181
3131616
179914
247726
288130
109633
267911
46530
145085
202599
270583
343813
72923
104591
251699
212775
161173
154880
108460
167523
26297
89432
292016
7341
109752
62762
264373
242761
297035
240344
142358
116111
62783
154829
177442
144981
60195
162369
285724
28851
14938
226461
212669
52794
173779
231571
211538
278074
127473
83020
109678
242813
290712
22543
117450
109681
205128
286951
103233
206421
49062
18683
128730
210291
215129
175058
324852
60220
253060
124986
70438
226477
225234
177503
251721
192647
264371
317290
269246
207779
161237
300938
64027
38891
27635
11215
289456
187603
299583
203886
14949
146294
159885
233049
239077
122363
171386
136178
294498
143818
318535
193921
293213
165029
289504
306061
154857
17545
6073
27694
226476
5976
146295
41616
297102
114970
137504
324855
281970
95719
232938
323568
175133
287007
7336
258175
212769
182575
75490
154874
259416
60298
57826
46563
89466
47827
222783
98235
84375
173859
80452
64117
122444
178780
40254
314783
23859
95775
46590
182574
25094
269333
88154
145081
161209
302199
307271
131279
192672
90674
289486
132576
99492
126214
188837
193922
62850
126213
148731
121289
66623
16306
71685
263166
302200
74206
139935
293293
137461
86825
313559
165007
42828
20039
128776
15061
118797
32789
295798
18742
56540
168806
161240
66662
297066
201294
290760
294532
284491
284424
12503
247830
180068
231649
235443
15003
236631
212800
6075
200054
157444
19952
297103
80384
197570
21361
76732
324771
179967
171265
13709
258097
311019
203795
11124
242778
76735
177481
217760
255582
110911
122479
294565
146293
285811
94520
172650
161238
226569
113629
157445
34031
309771
26396
198703
245374
94522
270682
247861
22618
146292
13802
327343
178809
284490
3177636
35275
253062
225330
12462
172652
146297
145111
284493
250490
197573
227852
153723
256875
9943
269244
249179
166244
145113
190232
116274
164973
304692
312286
280654
314740
175138
212798
16177
225254
196326
85640
268036
128811
292041
234148
47803
216554
190233
60264
70355
299578
46527
42791
143751
86803
200056
69083
27586
294435
315939
276892
290808
304757
219046
35156
259455
278155
95777
86765
49125
62883
240400
207836
13687
46497
264414
221516
258180
27697
269362
72884
261898
250489
308516
290810
67914
300941
288186
231549
138600
94383
63997
293327
269220
313479
352657
172614
84415
136238
227856
66666
314716
42795
321034
312178
271942
27699
259390
32790
299652
232937
192587
79170
195123
211596
216553
105762
103234
26397
288192
168732
171388
322209
85555
74132
236664
86829
121322
20081
227747
11127
264350
266755
51637
234134
116145
67860
58977
195010
305951
267962
260692
253067
103208
321033
82990
173757
136177
148693
219048
168853
279435
93236
13775
318433
113599
90606
124966
196285
33969
66548
210293
266783
64083
261867
278132
75467
122449
197526
225287
23774
142441
71605
313536
246519
33967
148691
56472
134893
254289
114859
42794
94456
352658
304697
85576
178786
222789
175111
100734
74212
40260
93234
188834
313535
141138
274437
65248
173806
107144
31506
84343
166146
171239
8580
148643
70416
316026
230363
156151
137430
45348
240343
255481
198762
12464
38928
113572
28881
237796
230285
176259
287019
64123
70417
46603
51616
210268
103205
280631
195083
291979
237835
243994
124965
263171
271910
177469
175031
230337
31505
265519
300917
270653
186241
263172
280630
308443
9863
258101
327244
284393
217720
3093216
175114
231573
317257
231572
230364
202497
134890
190108
75384
28880
148642
295752
210292
232935
69111
260588
314739
193851
166166
91891
118751
46529
136142
264323
49103
89359
188808
276861
25049
152428
66547
127476
202530
16198
93156
235421
281896
271847
118750
290714
46599
66549
45318
96971
66582
96968
40203
32720
128705
62784
138629
314712
7339
292014
203869
229043
8528
231626
90678
30290
274436
178785
142463
250464
94493
152463
259340
304737
136115
157425
91959
66630
203867
188866
168775
114940
45385
79112
261840
253034
232934
215097
54055
304735
321002
30229
141072
227788
259421
250467
8531
168809
83067
40194
36485
190110
33923
320910
275685
74118
167393
142395
260619
289455
186310
192588
281859
253068
264370
245319
199999
198706
62816
317234
86807
203830
191296
209074
144998
90651
31507
17430
41494
320911
50359
237834
223960
9887
237836
288188
246517
139940
286932
284422
143696
40195
237868
241609
69192
126265
61458
314756
205167
298364
229128
89360
23776
211565
171343
178783
67915
42833
250384
126185
220280
51612
188865
55333
230359
159910
235476
229101
326083
271876
157420
47833
17519
321037
120046
273194
284449
246597
176327
38958
259457
93190
156148
309738
168811
209099
234200
271943
243995
109734
171351
270651
154831
236665
15036
206510
250472
308488
280634
168813
110979
302206
266819
259425
171356
71653
72956
116242
299616
127516
256860
249104
270582
35132
270655
76703
76704
171355
28984
145089
7343
25103
259424
183796
81754
15037
21338
134977
188872
289489
86832
86834
57744
190205
28914
182510
156100
44079
171357
50274
57745
152429
83021
134913
88102
251646
314738
163723
258100
291953
167421
69113
42766
110938
273137
146213
147453
234144
146216
107078
86781
206425
3138416
181226
326085
237870
291914
213962
177467
212686
241636
64119
288153
229102
294493
304696
104513
142392
168773
175033
181255
190150
192580
192581
22527
226475
263096
41557
56468
70332
352652
114857
198704
230386
95780
290812
148759
230388
76739
293330
294573
41493
173861
113639
324857
151279
144999
311111
79115
34038
170105
284497
44150
251725
195009
127552
118840
60333
145000
225333
81679
34036
28882
61520
258181
191402
295821
103327
196383
304767
41623
61519
292042
317335
13807
249181
126673
221546
168851
259342
81781
207837
235511
130042
292039
65369
38889
291935
162446
127441
234222
211503
44147
300940
300824
32792
285726
278131
249186
30242
202529
188809
40202
22544
128734
192614
279344
252955
62785
51554
217695
114885
299563
209052
136141
168755
25048
175059
7294
9862
79141
57770
304699
107096
182540
65311
216479
190157
302166
249131
152462
193871
213935
64082
251668
54028
64081
145045
279363
216478
280604
252974
109702
264369
239076
168774
200000
66631
324832
97034
150007
198793
293302
327309
220281
12506
143784
175109
219015
211595
32762
159915
201298
201300
112258
108427
159914
280626
6056
117512
17521
327308
306039
211593
220282
231624
38959
273197
303450
74210
45384
118802
103297
254311
280627
202595
138689
57751
70379
258126
235444
100695
295770
161178
288189
246569
240345
17483
254292
226515
64088
90655
222818
264415
168847
230381
236691
225331
198813
327347
167527
55358
108464
142489
120078
30336
209133
37726
212802
198814
12530
104622
118838
224096
139966
219045
70440
94523
270690
258178
158714
54089
88189
145112
203890
44149
253064
284494
165032
234227
281973
279429
293326
104623
294570
42863
17547
253066
127551
57831
3144416
22621
85638
298242
49031
151152
62765
13688
121216
30231
139858
45294
325988
31453
116146
62766
239024
281858
227745
221443
187552
300827
196288
303366
201206
27585
26276
156072
99386
314714
175034
322180
117430
11105
312176
259341
62764
199957
227744
164925
62763
269245
50253
137378
278051
132489
128708
295730
170017
45291
45293
184947
192583
79113
318436
163704
93122
64025
288151
79114
232936
88104
220228
183740
274418
212720
14982
62787
85552
69117
183741
241559
93158
296998
161152
110939
36427
261871
154833
117451
320948
226497
60237
16205
64051
266756
108372
203797
42768
79142
26298
270586
240320
261870
286954
11129
186220
56488
134915
198739
182512
134914
252956
83022
41519
240321
52797
267963
206427
19984
50276
161154
286957
75411
103236
114887
171270
300854
70356
256796
142425
186221
9867
60238
85554
166169
69118
278082
129963
176283
260594
251648
261874
289438
94431
32721
62854
46592
285785
51611
205199
139937
201295
268010
108424
71688
226544
52863
239100
166214
86828
251697
161210
27675
34002
11189
159911
76701
311078
20043
22592
186278
51610
161211
212771
121292
327306
281952
126220
122447
97030
152497
171346
203866
158681
294534
70412
41590
304734
183794
134971
141170
297067
70411
162483
316022
38957
85606
132577
91954
247834
35251
270649
269335
97033
154876
77932
193899
49102
224049
77934
317312
25097
77936
32761
207806
113596
213960
188864
234195
274458
123698
254310
57797
18745
300911
287012
28977
130005
86827
123664
249129
327267
122424
318466
288187
283157
317287
44107
156119
343798
212742
64076
175087
286976
343747
343749
343796
343808
343809
343787
343734
343820
314755
89400
323509
286977
101997
190153
302164
278101
62814
65306
274435
279360
153671
184988
229068
64078
285749
171295
74161
264368
229067
273155
96997
35205
51572
95717
142440
164974
235442
178749
202557
322227
299582
304695
343779
343772
205162
13734
31501
343743
126184
242836
75438
151196
289454
343785
343770
343775
343788
319661
65228
177443
184927
55230
281971
242900
180067
222817
290805
152524
192701
89468
206504
220311
203887
124987
104617
123722
134995
91987
80511
298361
29018
46627
306065
31564
54086
247864
37725
148756
154908
120073
55356
147530
309772
303486
25126
306064
157447
71720
166240
190229
104616
21363
9938
47853
241633
25125
197571
185042
192700
234219
145109
38986
244091
86852
67939
312279
269361
281972
65368
6074
113628
100760
40286
44145
12527
170099
224091
27695
316056
69187
273222
105761
40190
265525
142391
75383
37625
124877
142393
25028
25029
247745
320908
198702
201203
62761
263097
47766
79111
222717
105760
16178
196287
250382
324752
281856
112201
37626
234129
213880
45289
220189
107047
266724
7263
124875
168730
91874
117428
109656
207737
184946
309667
231546
210269
147422
213879
133708
41492
258077
299545
17427
110912
151150
37624
298238
222719
12421
143697
225230
186195
33921
230284
251617
1213921
315938
178708
296975
122361
318432
42743
129933
236586
80383
47767
103203
28878
314713
94403
188781
76623
80386
225233
234132
11103
22526
274395
109654
242901
27696
54088
304758
98258
178810
311108
32788
287042
116272
51634
185043
176348
123725
227855
55357
221541
308514
46629
29019
22619
150029
166242
49121
98256
226571
302228
264410
148757
123724
151277
270685
79228
284492
196380
271941
170100
44146
49122
317331
157450
302230
112289
88188
74239
6076
138713
45409
80514
276943
240399
118835
71723
220312
314818
168845
206505
319818
6077
253063
249178
45406
321032
114973
105873
60331
220313
102058
244095
327345
32786
104618
56572
118836
83102
157451
161239
261963
122481
77844
177500
171297
207757
93267
288250
187504
312148
265497
241507
67821
138602
237907
181347
51639
147423
122484
263169
210337
28946
195077
79235
21247
146301
107168
80387
241608
280656
235514
216431
300828
134892
18770
321038
47830
209098
201264
287010
177532
34004
177533
120045
126219
299610
222785
304649
124991
176261
161217
271912
94524
285814
309699
26300
11162
224013
172654
21303
291960
45324
109703
300883
261932
289488
231628
157428
211602
21340
1318232
94433
118752
113603
27678
284455
266759
15035
255553
146279
250471
229104
219019
83073
182513
11161
193872
242841
42769
298269
95694
231574
205129
146240
211542
38913
52796
255586
3138016
216556
250435
27702
237906
83106
201336
93270
230384
276894
288255
137431
1082616
124990
293329
113638
59086
81782
83105
131329
81728
99499
203892
16309
264372
159944
297109
137432
303414
18704
45412
171301
249182
145115
280657
103266
156122
168849
318539
47856
114977
308518
89403
178813
266830
64086
84348
79234
64084
182612
146242
27703
326046
279432
118841
17548
84418
66669
242840
221548
109704
128814
178814
318467
312287
13736
84417
279431
304768
6078
306067
165036
77959
309780
221545
295819
120079
245378
50360
89470
307318
133779
51614
236669
201301
112263
57799
143786
203870
103301
61492
213969
118805
323542
124963
200028
303452
141172
36488
137468
99469
240374
25100
148734
120051
293299
299617
298337
290764
283194
9920
317314
26373
131285
311083
136210
69163
142468
66629
120047
91956
246544
64052
199978
283135
187571
177535
49065
308444
47831
206513
121323
288225
198792
281899
12446
128779
65334
165009
309741
260658
113546
288171
16206
23803
105785
213915
195027
114886
281897
119980
270585
276862
284394
250409
319714
232959
304665
168759
212717
158631
242904
30338
287043
263201
322284
56574
85641
57833
95781
97065
223994
49126
317332
44151
44154
170103
200057
80518
211543
166245
108371
168758
113544
16207
89381
8636
286956
290715
145114
229044
152434
251647
107079
245289
281975
278079
281898
167422
152433
37655
54090
283192
240375
167493
137471
224052
316059
13711
70442
268037
163781
21335
15032
151278
50336
30296
295802
321003
309742
47837
202598
112268
281953
54062
93157
285788
21334
62856
44082
93269
142490
54060
188904
215212
21369
311110
173863
210367
128782
303488
29021
121324
57801
231627
191378
249180
31567
159942
300944
312250
118803
97035
192675
294464
45321
95720
311080
314742
67863
197500
28918
302203
154878
219016
90654
261926
297071
137472
154881
32763
170086
176326
183799
230362
100670
273138
25052
62788
3103618
226498
57748
175089
163725
202531
33942
308446
326021
266758
212718
132522
196309
62817
1077415
283136
306043
246548
289434
121245
33970
149976
182542
316060
315986
179997
249132
256795
28915
236607
80418
326086
1077015
294467
41596
244021
49066
191321
202533
255499
305924
303341
53958
227720
232913
177444
279301
24998
82978
291955
72924
131255
295823
317336
167452
18771
279434
264418
133816
85648
178816
139969
134998
297113
240405
166246
40223
147536
274480
138716
170106
235423
23888
256881
309785
260593
177504
182541
207756
11133
163729
117453
304668
289436
269263
35179
79140
177505
314758
198763
247771
308442
64087
186242
128733
319710
136143
136143
247771
241558
12445
308442
154830
294462
295753
267959
154830
294462
171303
79140
44078
304664
304664
281924
25050
235420
16201
19955
311000
16202
212715
212715
16202
16200
96969
235420
83072
41594
191377
278134
37709
244072
18749
304740
13772
7342
307276
316027
292020
114942
293304
256856
249159
54063
167495
83070
187635
198794
64125
261930
263173
182582
162488
37712
99473
69084
179948
131199
280544
163731
52867
258079
80390
57710
131196
291938
150009
269248
126126
26279
37711
245267
175062
211601
167395
258080
142398
52778
173758
67842
14954
285700
37628
156101
128735
139887
90609
69086
109657
129961
267926
54005
260557
274398
133732
309668
1072238
1072233
223965
64029
273114
8533
297002
261876
1075015
267964
197477
49033
241560
275612
88071
167394
193925
110913
158716
31455
216433
177487
211505
1072229
320916
86766
118844
136239
288155
212687
267924
151154
293214
91877
53980
285818
67941
162512
86856
96950
158715
107169
45414
99501
53978
131195
259343
93124
198710
201209
296979
298244
105876
65250
171240
177471
193831
156073
61412
223964
122393
198708
173761
105763
176352
30339
118842
296977
209031
114865
77842
269249
177470
279323
171241
149935
250385
145001
112294
226576
213883
62885
222721
49034
260558
168734
215213
141203
247752
311001
163706
252100
34439
105764
143698
149934
152407
309669
81680
234137
247748
318438
269250
241534
102473
285701
127513
45791
253033
191379
259422
16181
59494
133780
55334
220285
137474
195082
294438
1135429
65251
80388
199958
94408
213885
151665
61495
8602
275686
104592
1073416
42747
253032
99472
122364
241535
216967
267166
321005
292413
268471
288655
220697
1073017
245268
239025
75387
220188
202500
255482
53981
12424
66528
200456
148646
213887
147424
278567
77846
188784
193833
66527
280545
188783
302622
61959
290691
9833
110168
179950
12425
162393
186720
60222
166150
258081
57712
242782
178711
1136226
104515
109658
229016
201208
44059
192589
251619
323474
67844
283622
89362
1072228
53983
19956
293215
145464
119956
25034
215105
99388
245270
90611
44058
176745
261063
220195
1073816
128710
250386
3222416
160363
1135445
98169
45296
261841
278053
218939
105008
1135024
136585
92382
76627
131198
132491
229017
247751
14955
198707
67841
119953
90610
294436
290690
62767
172528
31454
235384
283111
215102
183712
323472
154814
156560
13774
290771
71693
300916
108430
273204
302233
151280
50362
306045
49107
99471
162489
1135035
180037
210340
201306
1135034
1135456
325243
322258
1135836
153705
275687
1128616
1136233
271911
306044
239109
220286
1135842
237873
142469
61497
300918
166609
1136245
64500
1135455
1135036
155291
1135461
1135040
1136618
181327
94497
307714
31954
258154
116677
276075
38963
174263
222791
25101
1137015
1136619
88572
313561
1136620
145116
74242
56576
1135053
74214
327313
16273
1135841
31536
49108
311085
210342
1135041
132613
212803
72980
234229
90710
1136249
1135466
327315
65341
220287
1135051
209103
246603
51617
54064
273202
220288
258153
285789
113602
86833
1136252
168814
163784
288227
28983
21339
67942
61522
273228
177561
280659
294468
123644
210374
239139
16312
81783
34039
1136227
8555
46533
210371
102059
162428
237909
185046
72981
122487
295822
1135459
177559
249183
247871
313589
260591
1135430
151180
247772
195028
159945
308520
315966
288172
196310
95695
16310
118845
89474
261969
278158
1135030
1135450
1135449
210372
32724
62789
21274
17454
229046
51556
245290
103235
302147
127477
85556
320949
1136229
1135433
121246
99408
1136219
1135428
33946
154834
110941
100674
188813
315968
103237
105786
64056
191322
88108
235424
221468
38915
324777
56493
291959
188812
50277
70357
71628
175066
41522
255500
13713
79146
141108
95412
101115
151611
101998
311427
12099
279122
1146639
136939
88879
1135463
130794
165779
12054
166967
53783
3296023
134144
238727
179458
276548
53607
105767
324293
186733
233803
306854
317969
41558
142826
125283
1339037
23454
326954
77439
83922
106520
138685
292758
10321
1266238
14183
179541
187999
22988
32288
8195
202979
210764
265298
3312447
335839
268702
272876
155752
61059
61226
1135823
255177
296999
3251216
73855
172111
275321
277322
297906
141578
156884
253452
267495
54491
39840
140714
47508
67375
71244
242578
179615
253770
3362016
160774
61056
244918
277626
236366
285253
323571
273904
66233
82617
124444
136577
17175
310746
10330
1175494
1267045
209536
31050
316449
149549
219853
43701
183346
207394
216943
234193
280653
35998
38030
72074
302122
1221034
108395
68651
346838
272874
3280818
3280816
31055
316496
67345
1267041
334079
87804
221243
3239217
256284
278958
295250
32363
3310835
38078
76191
130427
196265
65229
193806
325976
245237
229000
107017
28388
173522
209033
22167
270282
35561
113072
25815
29790
119589
38120
1125027
1285033
184743
185333
209510
274052
291440
325181
65698
67025
84025
106232
192289
273584
346856
13808
314301
46979
49448
7703
158120
17179
130321
177259
193383
247372
281614
29886
301883
3272822
8100
98589
1265845
22567
266308
267636
287719
224832
170441
63581
72450
118371
118396
23366
243756
260239
48732
205976
212372
235003
260163
38113
98977
155243
277321
291483
69613
152225
16001
163811
27178
319446
307711
246486
101121
101560
101733
101747
102427
10271
102713
104130
107889
108022
1125024
1125836
1127822
1128619
1135837
1138239
114031
1141033
1145036
1146622
115311
1153424
116670
118456
1187430
123244
123259
123641
124525
124670
125310
125802
1261036
1263436
128510
129522
132123
134584
135732
137007
14140
143330
144729
145894
14596
147452
148338
149157
169180
170922
172989
173436
177960
180372
180868
182982
182585
184622
185824
187118
188028
189611
190573
191058
19126
19587
195904
199417
202054
202056
204296
204667
208545
209519
209946
211274
212313
212458
214328
214812
215628
216059
217369
217440
218618
220632
223174
226177
230723
231246
296630
299187
300012
30014
300389
300443
303145
302117
304214
304222
305729
308816
309344
309346
309392
310158
310695
313023
313921
315485
316821
318218
318843
319442
320190
320526
321873
323969
324321
3274426
3298826
334532
334539
334563
34726
37651
39797
39803
42465
43633
43734
46982
46995
49494
49877
50661
51063
47513
48603
49940
54870
56265
56883
59000
63685
63755
64505
67050
68731
68733
69553
70021