221216
22125
222316
222460
223445
226160
227339
227471
229479
230035
232037
232579
235039
236302
236304
236372
237353
237482
237605
238719
241180
241319
243655
244934
246030
247825
248866
249558
250051
250164
251216
251431
253423
253815
255977
255979
255991
257674
262817
263599
263947
264751
265108
271358
271394
272377
272758
272877
273969
274826
275372
277668
277704
277756
278489
278551
278876
279803
280253
283953
287679
289121
290713
291164
291612
292807
294067
294944
294965
295457
296583
297790
297912
298725
300447
300615
301336
302939
304309
306430
306894
308859
310671
311801
312672
3134417
318247
319148
319490
319497
321937
322686
3232816
32343
326121
3283617
3288845
33561
33716
343756
36850
39697
39775
48255
48524
48599
48688
5105
52350
55074
5755
59852
5996
6080
61175
63201
63630
67382
68612
68751
68818
74611
74931
74938
77108
77554
77569
78733
80108
81344
82471
84830
87500
89040
91453
100278
101512
101551
102803
103595
107893
107971
109455
1125468
113254
1136262
114002
114053
1145054
1146624
1149017
115355
115371
1156639
117055
122051
123364
123727
124451
125335
1260241
1266241
1269041
127962
1293434
1294252
132944
133254
135877
139449
139515
14151
143300
143432
144184
144580
14539
145463
14556
145958
150380
150737
151618
151667
152039
153164
155625
156933
157415
158375
159422
164418
165758
167193
17004
170997
171020
171759
17181
172114
175512
177167
179683
180401
182161
184550
184636
185797
185943
189612
190909
191376
192140
192148
192268
19455
194680
197052
197055
197168
197273
197954
199486
20038
200941
202173
208454
208640
209739
209818
210738
213522
215911
21708
218593
217696
220682
221465
223582
224743
224889
225620
229979
232505
233782
234523
236319
242422
243597
245730
245731
246113
247344
247477
247535
24783
252490
253453
257234
257824
265941
270049
270237
271445
271449
273602
274847
274863
276614
279044
28084
28100
281447
281507
281559
282326
284054
28439
284883
285250
287716
290388
292685
293006
29743
297468
297788
300585
301672
302980
306037
306429
310674
31089
313954
314476
316492
316814
316936
318097
319278
320188
321970
324482
325689
325769
3275218
3284416
3312448
343754
34413
35950
35281
42384
44496
47360
47439
47566
48683
48722
171715
176747
179597
180693
184699
185429
185881
188502
191767
192147
193431
194647
196725
19730
198495
202055
202199
203246
208586
209136
211064
211198
212466
213132
218105
219850
221269
222523
223157
226263
231213
232501
232699
55669
5715
57496
58166
59844
60734
61180
63239
63707
66353
67009
6827
70094
72095
73356
73802
74881
75029
78350
78769
79576
80014
8098
82560
82590
83478
85981
86354
86826
8975
91991
934818
93971
94007
96133
96166
96518
96558
97452
1012212
101457
102400
102449
102717
106289
107514
110096
110110
1124248
1125853
1129817
113105
114503
1146635
1147415
11570
1160616
118172
120839
1267036
127093
1286632
129620
130689
130778
131651
13265
133249
133343
134148
134440
134729
136526
136563
136575
138402
142865
143297
152896
153995
154040
154359
154500
155594
159571
160686
167884
168276
169772
171714
171753
17205
172067
17208
172163
173025
174660
178439
178481
180374
180874
184621
184625
191108
192137
192246
193054
194600
19542
19543
197062
199488
199490
201694
202128
203062
203399
203590
20774
20881
209806
212414
214863
215619
218407
218488
224833
224886
226912
229475
23014
232440
232914
234131
237065
238516
239511
239945
241212
252712
254724
256279
256564
259095
261797
262728
262892
264709
266351
266550
268428
270218
273572
274068
274767
274852
274394
276511
277667
277705
28059
283956
291439
293675
293707
295373
297470
297828
29851
298744
299233
30006
302901
304454
306389
30969
310568
31150
311717
315532
315604
318009
320138
321752
321841
323104
3232417
323275
32341
3238819
325805
3266019
326906
326949
3274419
335848
336336
34958
35994
37171
42385
42569
43648
44506
46069
50694
50761
51070
51211
52468
53219
54453
54495
55075
56115
56971
65336
67051
67512
68690
68729
6873
69987
72411
73349
73727
73931
74887
76230
76255
76280
77501
81727
85205
88495
90168
90368
93621
95300
95359
96200
96766
971018
97767
100153
101517
101635
104248
105549
107521
10755
107894
10803
108130
110123
1136241
1136257
114615
1158241
1159815
1160633
117131
117891
118368
117431
120431
12072
124552
1259855
1259859
1265874
128433
1287833
1293841
1295035
129520
130776
132101
133310
134182
134467
134536
136990
137006
139882
140668
141914
142168
145817
148180
150744
150792
150848
151638
153433
156988
158323
159531
162046
165896
169671
170411
17054
17060
170945
173410
176748
177229
177232
178327
179134
179558
180989
181746
181342
185876
185996
187219
190946
192143
193384
193532
194732
19496
196714
197028
200870
200978
203285
20432
207374
209538
211536
213104
216877
21722
217741
218173
220138
222284
222393
223156
224934
225002
225700
22623
226931
229830
231194
232377
232426
23355
23455
235041
236414
237352
238609
239984
243798
24560
246175
246228
246296
247297
24784
248746
251643
252113
25870
264779
265111
265330
267591
268768
268923
270278
272389
274066
274069
280158
281501
281513
282826
283958
286191
287395
293660
296433
297908
29805
30008
300589
301321
301819
300939
302606
305751
306435
308192
310208
313946
314302
315436
315490
318817
318891
319280
321751
323106
3232020
323300
32537
325699
325720
325724
3277217
3279625
3288823
335053
347202
34849
39368
41983
42450
44953
45088
48720
49432
52017
52027
234587
234600
235018
235062
236242
239473
243215
243603
244821
24606
247283
247428
247523
249524
253422
253901
25417
25471
256330
258981
259134
259744
260294
261443
264009
264045
265332
266301
26764
270136
27136
274855
275169
276462
280114
281511
281652
281837
283604
283925
290384
29417
295506
296459
57667
58571
61930
6436
64771
6922
75045
76190
77068
7737
80048
80912
81309
8147
8216
83948
84420
85361
86319
88561
88833
89849
91482
91560
92771
94015
95302
96191
97696
98978
101688
101742
102413
102450
102796
102884
102890
105012
105515
106679
110648
112673
112677
1135423
114046
114378
114421
1144624
114481
1148618
1154219
1160215
116590
117078
1175034
117828
119406
121996
126223
1264634
1265865
126655
130808
13149
132975
13308
133413
137094
137880
138267
139635
140351
14120
141527
141847
141909
142046
142422
143193
143371
143429
143782
145468
147038
147873
147880
147903
149489
150823
153323
153672
155617
155685
156513
157088
161551
16176
162870
165676
166922
167056
167192
168315
168401
171024
17117
171692
172205
173350
176713
177073
177164
178271
180737
181711
184508
190809
190982
192184
193055
193357
195843
195986
196713
196723
197172
198345
198397
200718
200936
200946
202092
203398
205934
206857
207337
207460
208229
209466
209506
212401
218121
218172
218578
218582
219654
22060
221017
221933
222494
224808
226117
228740
23516
236364
236697
238250
239493
239882
242458
246119
246360
246987
248539
248598
248706
248804
249591
252704
255293
255908
26072
264013
267494
267712
268769
269021
270207
271293
272365
273903
277794
279799
28062
28073
281360
284397
28475
285246
285322
285483
288993
289900
291550
292418
293705
294916
296157
301343
308882
31054
311718
311945
31489
315597
316895
317687
32293
323276
323920
324374
3294421
3309666
3311631
336322
343805
35958
36125
36423
37108
39970
42423
44479
44833
45085
46031
47363
48203
48271
48275
48725
49473
50736
51952
53654
5446
54460
5510
56087
57332
59866
59867
59978
62444
64891
68602
6924
69846
72859
77551
81424
82121
82672
84786
85989
86596
88994
9460
94925
95256
96184
96202
106263
106863
107925
11132
1124264
1125457
1140238
114028
114613
1159028
1161435
116691
1182234
118268
118340
119493
119579
120972
121981
122057
122119
122122
125829
1259872
1261442
1262232
1266235
1266269
126627
127026
1291049
1292637
132138
131330
133258
134588
139408
139536
140369
140741
142824
143285
143473
14537
145957
146012
147860
149080
149103
149497
149599
149684
150396
150762
150946
15801
159028
163260
163369
163372
164193
164450
163810
164712
166591
169647
172062
174578
174683
174797
175464
175829
177129
180397
180402
180438
180842
180913
182065
182178
18331
18362
184639
187099
189566
190555
190571
192374
193616
193636
197124
202127
204256
204781
205192
205927
206158
207378
208142
208676
208743
211197
211220
211275
211977
214250
215559
216057
216157
21667
221104
221174
222339
222394
223563
224478
229457
230038
232431
232588
233778
233843
23427
234959
234995
235165
23584
238683
240014
241215
241284
241323
243277
243752
244809
244915
245758
246137
250863
252659
253424
257271
257304
25816
26036
263545
264348
265218
267147
267555
266814
267747
268450
269708
269747
270693
27094
271396
272666
275267
275302
277325
277339
278569
283573
283921
285247
286550
288627
28916
291548
292761
292777
293677
29431
295325
297414
298765
301297
303444
305507
305547
309288
310615
313189
313300
316880
320585
323951
324287
325159
325718
3276416
3276417
32791
33581
336338
346829
34919
41062
41088
42416
42564
47381
47391
47442
48689
50750
51508
29742
29850
299010
299046
301299
301337
305153
306062
306696
308817
308857
309190
309262
3113616
312687
313068
314419
317702
318859
319444
320181
323185
32462
325642
326857
3280023
3284017
3302416
3311634
335832
33686
347201
347211
35133
37319
39800
39802
39841
39995
41003
43724
46214
54407
55712
58494
59907
60946
61046
61870
61874
62454
63184
66081
66119
66328
72093
72468
74603
79620
8056
80944
81263
83957
85177
88072
91449
9354
94899
96721
102454
102460
102864
104247
10848
109337
1125431
1125830
1128621
1135421
114026
114415
115905
117076
118361
12056
123620
124526
1260240
1266642
1266660
127024
1292632
1292633
130344
130410
130775
130819
134145
134213
134589
135644
137878
139641
140379
140696
14165
145425
145913
149561
153268
155252
155813
158175
15822
159029
15934
162174
165386
165939
166873
168343
169558
169624
169693
173396
174249
174796
174798
175828
178438
178479
17848
178512
182980
182995
184206
186673
188447
192145
193446
194786
195949
19600
19603
199654
202006
202059
202132
203047
203325
205541
207146
207392
207511
208198
208682
208683
209811
211062
214286
217443
218451
221961
22288
223188
224514
226114
226917
228487
231369
232052
232066
232069
232693
23311
23412
234599
237450
237483
241127
241998
24518
247294
247411
248605
248704
253410
253922
258963
259038
259769
261552
262674
262894
265236
266017
26673
270097
271008
27200
272372
272766
27317
274456
276408
276410
280194
281081
281522
287405
287955
292636
293695
296487
29701
297911
297954
29831
298368
300388
303042
304221
304242
307002
307725
307964
310744
310964
311819
313028
316436
318839
318889
320522
321894
325775
3283217
3294822
3311219
334538
33740
340065
347315
34960
37179
39731
41043
42401
43625
43632
43867
47403
51110
54443
57240
57290
57335
57337
58781
58961
59469
59909
62358
62406
62426
63534
64507
64808
65063
67580
6854
68600
68688
70730
71163
71721
72070
74558
74610
75070
76153
77479
77629
80055
80223
80943
8095
8105
83949
88534
90266
91958
92738
9438
94842
94858
94913
95248
977012
97891
97897
1003415
102762
103701
10656
109148
110677
110937
1124227
1130215
1135827
1145845
1153038
115354
115812
1161022
1161024
116668
117130
118493
120449
121243
123140
123212
124371
1259858
1263033
1266251
1266636
1266664
128244
1288639
129719
130781
130985
133309
133311
1340636
134181
134514
134586
134591
135730
137014
137908
142021
144795
145775
145814
146920
147861
148212
149123
14951
150709
151612
151648
153248
153325
15435
157013
158371
15872
164675
165821
167864
169163
169675
17089
172061
174210
175825
175899
177172
177188
178333
180779
180888
18153
181973
18285
182961
184505
188381
190549
190983
193052
194658
194829
195415
195841
197119
200442
201704
202105
203462
207339
208246
208497
209858
211591
214696
216928
218158
219412
219948
22113
221153
22284
224473
226269
227424
228736
229458
229818
229905
230771
231241
232531
235156
23554
236228
237051
238780
240118
242478
243602
243700
247282
247375
248670
253027
256463
259089
260218
262915
264003
265071
265301
266387
266508
267146
267149
267500
269758
27063
27179
274065
275227
276062
277793
278486
28096
282385
288614
288575
288992
28976
291576
292389
295804
296493
296761
299159
299656
301809
302598
3041228
304173
304283
305631
306433
307988
309282
31070
310787
314475
315682
316511
316747
317721
319150
322124
32287
323204
32324
323246
324426
3262819
3266021
3304416
3312443
334390
33645
41092
41229
41996
43836
44507
48608
48653
52458
53572
5550
56051
50731
51324
54801
54934
54952
61115
62536
63155
66186
66232
67371
67528
68597
6989
73354
73708
73761
7745
78670
82122
85161
85305
86409
86455
86748
87701
86782
88939
89316
9020
92298
92819
94027
95278
9573
96654
96717
97369
97419
9918
100270
100274
100423
101546
102451
104304
57284
61896
63199
63807
6396
64489
64523
66231
66577
6819
69999
70134
71240
72029
72112
75033
75140
7668
79534
79994
81434
82137
82561
84022
85990
87578
88579
90162
90283
92910
9496
96714
99080
100117
100314
101684
101690
102372
105389
106611
107951
110120
111428
1124249
1145037
1145421
11574
115801
11944
119538
120974
121215
122343
123070
123210
124445
1259873
1260232
1260238
1260642
1265878
1267058
1269045
12817
1294641
129760
129934
131622
132082
133405
13372
135812
137029
14139
14152
143469
1443905
144518
145732
150664
150669
154409
155705
156144
158216
160737
160782
161949
162085
165418
167939
168226
169800
17121
171731
174581
175898
178371
183434
186308
188298
190203
190910
19138
192376
195984
19695
200715
204666
206394
207457
208611
20902
212400
213141
213968
216203
217442
218408
219415
219785
221016
227234
229462
229476
233010
235480
236159
236201
237021
237320
237501
244484
244901
249905
251220
253029
254728
258961
260117
261479
261842
262312
262709
266309
266448
268811
273966
279718
280999
281527
285199
285358
286465
287376
291540
292725
29432
296631
297111
297467
299186
303070
305589
30672
308871
310213
31091
315111
315191
317685
318262
321760
3236426
324345
325725
3261616
326446
3280835
3283620
3283622
3311241
346853
38678
39366
41224
42312
43542
48651
5121
51303
53918
54764
56002
56135
5756
62205
62505
63756
64499
65375
67423
68250
68604
6992
70093
71293
72343
73926
77080
78802
80045
81312
839198
85181
87217
87725
90290
92400
93622
96666
97038
99892
100253
100309
100451
101450
101493
101558
104933
1125017
1127825
1127827
1128221
1145048
1145842
115344
11575
115818
1159056
115909
11907
122813
123205
1264633
1266236
1266651
128378
129580
130415
13220
13310
135371
135818
134999
136559
137133
140783
142063
142893
143329
143727
145733
147124
149081
151980
153412
154073
154498
15738
163352
165404
166970
169219
170440
173515
176263
178421
179576
182959
183385
18366
184191
184208
185756
187212
189714
19163
193479
196059
198396
199139
199549
203367
204687
204762
20849
208542
211057
211171
213959
214686
214861
216202
216953
216562
218542
22140
224949
225003
225232
226911
228677
228691
229461
22967
230690
237037
237410
238191
239966
241091
241222
245007
24517
246159
248596
249555
252049
252707
255118
256280
256571
257750
260113
259418
261471
264712
265173
266549
274854
274865
275207
275248
278912
281451
282795
283977
285363
28569
287952
289082
289886
292857
293235
295507
298750
299137
300427
300937
302594
303797
305588
305629
305902
306802
306900
307194
310571
315534
317657
318435
319375
319387
320558
3231224
323242
323875
324291
3280416
327344
3310821
3310838
3310845
3312025
33197
3362017
33993
35956
35970
38528
38677
39332
39412
39819
108871
109339
109699
110537
111809
1140637
1143020
1143041
114468
1145830
1148224
1148621
1153823
1160628
116956
1172674
11961
122002
122117
123144
124603
1264237
1268634
129171
129191
1294647
129556
130416
130860
132241
133252
134895
137087
137852
139101
139599
148270
150402
150668
150949
153233
155689
157458
158368
42379
42457
43703
43792
44498
44948
46120
46160
48665
52461
53669
5401
54889
58214
58228
60730
63598
6471
6848
72415
72542
74933
75879
75902
76263
77674
78354
79588
80900
80915
81262
82150
83791
85253
86593
8968
91951
92369
93266
95355
96609
970614
9919
99800
101729
102987
104185
105418
105548
1073415
111393
11186
1125422
113182
113200
1135817
1135850
1142226
114433
115626
1158248
1160618
1160629
1161046
1208633
121879
123363
1261449
1266245
1268635
127031
127139
128317
128344
1285435
1290638
1292635
129576
132124
132245
132964
133253
133349
133368
134123
135367
137830
139506
140785
140881
140883
143331
144133
1444706
144611
146623
146681
149732
154414
156547
15733
15826
158271
159076
159567
163465
164618
165926
168342
169695
17114
173343
175793
181745
182222
183320
185795
190872
190925
191736
191799
192097
194597
19546
196105
196677
197085
198460
200750
200801
202982
204267
204739
204740
204879
205973
207284
207461
208496
20878
209504
210761
211129
211159
212312
21275
213594
219851
220715
221124
223562
226178
232576
232585
232694
23317
23359
233755
236276
237041
237290
237323
239530
242233
242417
243232
243489
244899
247412
248318
248668
248803
249900
250783
250875
252048
254755
258962
260115
26033
261593
263584
263586
26728
267491
267499
267550
270050
270177
271819
274452
274853
276457
280213
280214
280300
281461
281547
282376
286192
286777
290212
290214
292419
292927
293331
294089
294191
297493
29784
297913
29900
299161
29964
305650
305727
308102
310201
310539
310574
311473
311950
313271
314414
316935
317210
318008
318058
319286
320183
321440
321879
32279
324342
325469
3272020
3272428
3277216
3304021
334520
335856
35599
35917
36041
37176
37314
40666
41231
42529
44548
46124
48262
52573
5488
54935
5494
57686
59887
61075
62319
62324
62452
62499
63158
64490
67063
68294
68811
71292
76152
76436
77550
78882
82515
83071
86318
87837
927223
93596
97892
99042
99164
99877
101618
108868
110538
111824
1122216
1124245
1125426
1125835
1135845
1139025
1147016
115807
1161428
1173457
118217
118290
118294
118450
119671
121667
125805
1265856
1265877
1266263
127077
127120
1273452
128380
12868
1290236
129123
1295450
129599
131284
132024
132183
13329
133683
134470
135819
136118
137831
138348
139060
139446
139539
140314
142025
142196
1439506
144169
144670
144676
14490
147209
147816
148261
1495884
154062
156514
156567
158202
158328
159059
159389
163217
165399
165835
167073
168382
168805
171716
172000
173347
173411
174662
174752
176729
176730
177163
17905
179157
180939
182128
187158
190550
190882
19129
192177
193381
193386
193432
194598
194711
194720
195930
197122
197294
199657
204765
204782
205630
205986
206060
209537
21298
214270
215627
216879
216972
217479
219390
219872
223720
225693
225704
226240
228697
229493
230072
233670
234958
235886
237322
240099
244856
246029
250048
251273
251404
253899
254713
25497
255952
256767
25769
25874
259028
259747
259798
262748
265337
266353
267140
267161
267659
268872
269684
272832
276371
276550
277632
279780
281464
282748
28679
287967
288572
288610
291486
291536
291537
291597
292809
298774
302232
305496
307713
308092
308195
309281
30973
311949
312629
313027
314511
315176
315433
315477
317971
320482
321438
32339
323508
324396
324531
325591
3257616
3310039
333633
34419
343767
38472
39405
39734
162510
164927
165614
167841
169648
170763
174658
175506
176248
178323
179154
179535
179598
181707
182177
182307
182336
18328
184615
185745
185849
188425
188426
189758
19107
191768
192391
194526
194780
195987
19693
197950
198256
202133
203322
203475
204281
206859
211056
211992
213107
213500
215875
216005
218613
22184
223551
223715
224807
42527
57382
58180
58615
63226
64477
64811
6803
6856
68755
6907
69902
75067
79882
80051
8101
82794
83479
839189
839190
86008
87264
90273
91494
93662
97815
100195
10273
103012
104160
104934
107986
111993
1125841
1127821
1136224
1138628
1143040
114472
1145034
11551
1155834
1158249
118804
119672
12095
122055
123137
123253
1261436
128273
128747
1290233
1291042
129237
130408
130846
13259
133344
13370
134438
138374
139115
141605
144758
144762
145438
145862
14647
14648
14753
149499
152866
154075
154601
155754
159495
160920
163170
164138
166875
167926
170949
172005
17227
177126
177923
178331
178440
179194
180924
183492
185754
190878
191766
193495
196709
198261
198377
200430
200979
202250
203031
20923
209851
213549
216012
218627
223506
223587
224444
228132
229772
231195
234613
235001
235851
235852
237394
238787
242456
245051
245984
246518
249582
249896
252405
252575
253441
256239
257671
258967
259767
261440
261526
261631
262339
262861
266009
268013
27097
271450
272905
274053
275221
280217
281085
281454
283542
286551
287725
287849
291495
294000
298042
298675
300853
305591
306892
30701
309428
310218
310668
313124
316924
317019
318840
32284
323535
325204
326478
326800
326886
3282031
3310043
335056
335209
37442
38573
39799
40663
40690
45802
48671
49953
50041
54869
57336
58744
58782
61224
61962
62418
63703
64769
64802
68313
68605
6986
74848
74932
75863
77524
78674
8048
8060
8102
82119
85124
86015
86481
87584
90233
90322
933216
9402
96528
96592
97371
97400
97802
98547
9917
100154
101419
10296
10302
106194
110461
110519
1125424
113150
113304
114456
1148615
1159050
1175447
117918
118365
118492
120462
120081
120977
121645
122021
123421
125300
125713
1260651
1266654
127137
1285837
129211
1293856
1294261
129721
130745
130921
132139
132166
137008
137877
137920
138252
138343
142465
145915
147052
149158
152098
155293
161651
164181
164572
172345
173553
174621
176709
177255
178389
178486
18381
18433
185886
188389
188428
19164
192229
195946
197101
199523
200814
201738
203050
203329
204271
205593
206228
207376
207504
209476
209523
209807
210375
210778
211106
211990
212411
215605
216082
218579
223629
228196
227859
23368
23519
239494
239967
240094
243652
247530
249187
251366
252447
253980
254731
257624
260194
261594
264145
264710
265237
268461
269015
269729
269759
27252
272634
272938
276566
277335
279121
281066
281514
282374
282378
283191
284886
288611
288629
288986
289058
290496
291436
292803
292877
293619
293946
294138
297867
297961
298763
299152
308045
309232
309429
310138
310212
311878
312627
313964
314299
314422
316881
317209
319151
320581
321406
32282
32342
325806
326448
334541
38574
39796
39824
228218
229883
229963
229981
230765
231342
231975
231977
23314
23456
236238
237603
242405
246110
246176
246230
24640
248559
248839
252105
252491
253443
256385
260292
261019
261444
265156
265958
266360
268816
269022
270646
27135
27156
272765
272813
272910
272939
274015
275078
277631
281069
281610
282788
282842
283601
284001
284171
285312
28623
286658
42525
45793
46306
47256
47380
48839
50747
51194
52381
55637
56049
58202
58654
59048
62290
62364
63237
63575
64856
66280
6738
67385
68883
70035
71178
72453
72496
74583
75891
76154
76192
76238
76308
78919
80070
82135
82792
83947
83951
84788
85301
92813
9446
95420
9565
97423
97808
98940
99079
101634
101735
101746
10305
103653
105514
1125425
112617
113073
1138241
1141048
114411
1144617
1158216
115901
1159051
117124
117874
11913
119611
12002
12022
12068
120836
120860
12154
121665
125285
1269432
1273039
12818
1285436
12863
1288233
1294254
1294263
130792
131319
133251
137010
138263
139534
141579
143365
144553
145437
14625
147211
151650
152075
152114
153246
154470
159476
159572
160816
163295
164191
164714
165393
165781
166575
172002
172031
172318
178383
179612
180815
181974
187122
188343
188386
189834
191788
193510
194601
194604
19498
196004
19729
200889
202010
203051
204625
205926
207352
207388
208185
209815
209869
209030
210721
210758
213114
213133
214649
216955
216960
219852
221217
224424
224883
229478
229868
229885
230715
231289
232691
233379
233839
233017
239556
239919
240698
240777
241316
241322
243203
243260
244073
245983
248294
248763
249978
250118
251400
250463
253832
256375
260192
260242
261024
261064
263978
266509
269750
270208
27232
272810
274812
276066
276370
277625
278960
280197
281471
281548
282798
284865
285248
286193
286426
286724
287752
288571
288631
290386
290455
293995
295412
299008
29905
30005
301324
302940
307657
307673
310179
313091
315434
315492
316920
318816
319439
319445
319662
321426
321754
321761
324423
325549
3262816
326490
3311242
3311246
33566
336323
33995
343742
35969
36126
38475
41148
44909
47458
48659
48666
49497
52483
53649
54951
54992
55638
56897
58126
66187
68291
68333
72069
73801
77468
83489
84077
87640
88496
8960
8976
90419
93597
95253
96190
100271
101379
101545
101617
107842
108031
109391
1124252
1125440
1125839
112689
113108
1135846
1138631
113963
1139843
1143416
115369
1153825
1161036
1172659
117865
119128
119200
11954
119563
123319
123420
124079
124440
1261842
126951
127078
1275848
128413
1293834
130790
134516
135698
137853
137903
138299
139505
139554
14123
14560
14587
14621
146987
150966
152878
152898
154356
155751
160780
163353
165823
166541
168344
16954
170475
173441
174714
177037
177103
178731
181023
18155
182130
18228
187124
188013
188405
188782
190873
192372
197084
199915
202244
20437
204714
206057
208228
208247
208745
209525
211109
211307
211544
214570
215610
217329
218102
218159
219357
219779
219849
223175
223588
224950
225989
226082
226242
227368
229986
232602
233714
237570
237601
243710
24626
247383
249560
249579
250817
250860
251303
255086
257757
258521
258572
259787
261396
262767
263849
264064
267549
268448
268814
268980
272735
27315
274434
277703
278570
279040
281070
281505
282386
282813
28516
285164
286746
287426
288106
288612
288946
289032
290362
294950
295371
296703
29786
297870
298772
299220
299303
29967
304323
305726
307019
309158
309257
309306
310142
310782
313277
316510
319492
320605
321969
323273
325443
325691
3262016
3263218
326845
3301222
3304019
3310856
334540
334548
3347216
36889
288154
291485
291541
293644
293694
294962
296756
297495
297953
299190
299305
29958
30002
300909
301780
306890
307993
31098
312628
315210
317017
318128
31927
31934
323953
324347
324493
3249217
325719
3265616
3265620
3274430
3277218
3282033
3284021
334536
347215
41001
43649
37375
40168
41163
42568
44905
46163
51075
52348
52484
53242
53608
53626
53650
53782
54456
54458
54809
56924
58664
59482
59893
61926
62287
6415
67438
67647
6850
6996
71270
73898
74880
76606
77087
77106
80888
81221
8190
83492
83965
86411
90270
91527
9353
94073
9442
96165
98564
100118
1005045
101416
1021412
102798
104991
105009
108020
108025
10845
108816
1125419
1138627
1148624
115667
1158243
1159029
1161027
1175449
1177832
118336
119608
120446
120756
120940
122034
122162
123243
123293
125339
1265032
1266246
1269035
1273459
1290637
130845
132168
1332635
133294
134193
134199
134969
138430
139460
14622
141526
142864
147034
148257
148386
150367
152033
152096
154517
15823
160330
160825
163419
164523
167054
170996
17134
172283
173458
174656
177192
180816
18230
18314
185398
185805
18626
187213
187277
187348
192397
193476
194832
195845
197270
204695
211223
211951
212333
212399
213506
21668
22068
221896
221931
223207
224477
224499
226176
228739
229444
229492
231245
231290
231948
231949
232604
23384
233852
236241
237415
238281
239983
243526
244814
245238
246177
246181
248674
249577
252051
254718
255552
257586
257633
257748
25901
259345
259748
264065
264147
265351
266427
267503
268973
271294
272807
272871
274002
275374
276455
276940
277757
280256
281503
283976
285345
285820
290251
291698
295249
295423
29829
298726
300035
300528
303141
304744
306902
307683
310180
310694
311408
311442
313176
316827
318060
319441
321792
325234
325585
3281620
3281621
3288841
3316416
35559
35633
39940
39941
40962
41222
41966
41986
43647
47393
50001
5030
5104
52015
52315
53707
54431
54873
56042
58745
61176
6451
64803
64806
68666
68757
68848
69036
69916
69940
70754
71291
73372
75089
80043
8014
8168
82749
839192
84751
85252
87746
89022
93965
9400
95181
95471
9569
97938
99882
100119
102453
102885
104959
108030
109258
109275
109424
110495
111805
1124237
1125449
1125827
113571
1139027
1143022
115704
1161045
117036
117084
1174634
118447
11911
119165
119955
120417
120800
121944
123139
123296
124443
125665
125864
1259840
1261843
127949
128505
128780
12891
129189
1294241
129523
130795
134147
13422
134590
137088
138214
138215
138262
138325
139531
140790
143471
146679
147075
147126
147913
150707
150735
150825
150831
151973
158158
159385
162045
163289
163356
164715
165384
168273
173367
175468
175950
177226
177901
179539
180873
182104
182972
183405
184185
185850
188042
188272
188430
187572
189778
190843
190979
192336
195481
195515
199163
199710
202313
20472
208744
209960
211170
211225
211633
212413
213709
214864
215909
216931
220630
227181
230027
232480
232655
236229
236281
237437
239542
240013
242324
242528
244446
247255
247285
248257
251359
25470
254734
261467
262313
262322
262891
263520
266005
265552
268470
268838
268840
271353
271422
271499
272353
273519
274055
274130
276049
276486
281037
282769
283872
285357
287435
292684
292964
29424
297869
300007
300045
304284
305175
305410
305649
308161
310177
31063
31073
311423
311425
312630
313181
313949
313984
314513
315114
318154
318855
323136
324490
325801
326492
3274423
3283229
3288843
343791
35580
47006
47359
49460
49810
5028
56217
5712
56509
58540
59429
60738
60745
61220
61951
63758
65751
66155
66671
67486
6985
76319
77105
77502
78876
79563
79920
80856
81219
82793
839194
83941
85994
86457
87231
88064
89829
90282
93936
94863
95137
95206
97039
98168
99822
1012613
102839
102868
103295
42444
42526
45790
47358
50036
51195
51987
5402
54474
54803
57463
58586
61048
61110
61872
62500
63250
64807
67038
66579
7035
71225
75032
78336
83868
84787
84801
85206
87802
89788
90372
92324
92739
9355
94006
94897
95138
98587
99852
1004216
10252
102889
10653
106655
107516
107527
107988
108021
110140
111910
1124223
1124244
1125042
1125416
113303
1135033
1143021
1146634
115346
1155415
1157417
115773
1158236
1159816
1160631
1161427
116653
116657
117056
1175441
1181842
119933
12000
12116
123143
123301
1260244
1285834
1285835
129188
1293845
1294240
132985
13309
13315
135776
136888
138324
138371
138406
140662
140666
14443
145961
148215
151634
152109
156834
157457
163290
163355
165406
166968
169608
172109
176243
177132
179552
179629
180822
181717
183281
18468
184742
184948
190960
191057
194640
19544
196722
199598
202058
203327
20430
204684
204878
207458
209804
209873
21004
210718
210722
212494
214743
216034
217274
218130
218710
219807
219848
22064
221521
222456
223133
223628
224470
226152
227307
231971
232494
23356
23429
236266
236277
237627
238740
241317
243234
246566
248838
253869
254735
254753
257753
259029
260238
261397
262270
263911
266357
267597
268919
268926
269192
270156
27199
272716
276524
277676
278554
282827
284861
285458
286138
286749
285694
288644
291728
294092
294186
300879
302587
303852
303895
304281
3054419
306866
308065
30967
312660
315478
316824
318879
320131
320187
320520
321899
320914
32378
32427
324372
325550
326476
326802
3302823
3309659
3310826
33180
3368416
34771
35628
37243
38429
38672
39390
39696
39872
41262
42463
42560
48818
51973
52312
53698
57430
58568
59864
60945
62378
68352
69585
70136
71172
73380
74568
74599
74989
8015
86316
86355
86403
87188
88928
90227
90228
91096
94031
970217
97399
97803
99038
100286
1005012
101461
101559
10254
102977
106717
107929
108864
110496
111443
111895
1124231
112678
1127819
113107
113184
1137016
114525
114573
11557
1158246
11585
1159440
116618
1175836
118496
12026
121946
125259
1267037
1267434
1268640
127035
1280632
1293849
130339
130687
134594
134597
135814
138376
138429
138715
139633
140382
142119
146638
147035
148217
149648
150745
153192
155531
159639
160685
164198
164713
165738
166959
168264
16951
17135
171713
171734
171758
175466
177173
177187
178441
17851
179113
179949
182312
18270
18292
184745
185022
187214
190912
192204
192228
19504
19687
200402
200714
205899
206023
206118
20876
210059
210777
211191
212467
221247
222378
224836
226297
226299
226499
228490
23000
231233
231368
232050
232607
232933
234549
244504
244860
244949
255188
256017
260223
261067
265981
267610
272880
274861
275162
276028
278501
279046
287345
287746
291579
291636
291637
292386
29350
296498
298747
29957
300645
301274
301767
305129
30702
307684
307712
309342
311946
314356
316985
317708
320135
323081
325694
325715
327002
3276819
3280024
3310019
33142
33186
334531
335838
33720
34852
34854
35183
35602
108832
110416
111949
1125824
1135439
1136235
1145028
1155830
115800
115935
1161017
116692
117079
1176230
118337
124082
125325
1263042
1266244
1284632
1285833
1286633
1293437
129578
129720
133346
134146
134569
135777
138250
139067
139477
141587
141976
147182
147214
1465476
149491
149540
150363
15366
155860
38422
41909
41993
43841
46445
49910
50005
5066
51016
51255
54888
56211
60947
61182
61942
62343
62360
63705
66358
6807
68533
68663
6991
7031
73746
75895
7701
77568
79987
82637
85184
85963
88918
89081
91085
91682
92368
93677
9443
99081
99884
104013
105781
1072235
108836
109274
110851
111415
111811
111860
112619
113075
1135838
1136232
1139026
1145441
1154222
1161436
116954
118457
12009
120856
120895
121982
122050
12210
124488
124524
124548
124576
125733
1260644
1265838
127244
128362
12867
1294245
1294648
129757
130862
131692
132075
134567
135811
137901
137919
140584
140734
141171
142903
144515
144607
144614
14594
149115
149683
150400
153726
155244
155532
159058
159083
159496
160829
161635
162007
165390
165679
168260
169200
169604
170842
170992
172348
174618
173865
177100
177165
182107
18229
184704
186675
188470
189828
190845
197087
202131
210740
213591
214318
214732
216229
219770
220652
221929
221949
222252
222380
224938
228673
230717
230782
231216
231243
232425
23307
232979
234145
239946
239981
240119
241213
242269
243488
246331
247429
24743
248293
250796
250846
251213
251360
252494
252660
253833
253026
25469
254757
25501
255112
25902
259040
259727
262675
263564
267570
275116
276406
276530
277323
278503
281448
281562
281609
282787
281923
283926
285362
286571
287404
287869
289055
289081
291146
292391
292779
29408
294091
295323
297928
301671
30232
30264
303883
310159
313246
314226
316820
318214
317313
320713
32329
324373
325603
325605
325722
325803
3274424
3279217
3283220
3294430
3308420
33548
335827
347204
34828
36062
36074
38514
39968
43727
44863
48655
49882
49909
50040
52311
5366
5405
56214
56926
67383
67454
6763
6764
68326
70727
72449
72556
75876
77126
77444
78296
78303
78770
79143
80112
8145
850217
860816
90281
91439
92685
93629
96569
106616
108865
1145824
1146627
115866
117141
118264
118399
119495
120041
124101
124530
124855
124912
1261857
1266650
127221
128375
128409
1285432
129155
1293837
129727
131687
132122
133808
134102