73358
73853
74978
77548
77556
78301
78804
78807
82670
84724
85186
90173
94046
95180
96193
96560
973012
99166
10253
102876
105384
105450
106273
106685
109151
110124
1124229
1125031
1125430
1136255
113956
1139831
1145015
1145032
114572
1148217
1153423
1156626
115710
115772
1159438
116661
118274
11947
119576
120798
120816
124105
1273451
127895
1291836
129652
130733
130838
131690
13261
132926
133351
136926
136971
138405
138408
139114
139555
140779
141916
145416
145951
145952
148323
148381
149645
150341
152826
152830
154447
155753
156544
157780
157781
15800
158250
159060
160798
161604
161623
165675
165730
169136
173459
177174
178267
178274
17892
179460
180371
180440
182613
186708
186722
186992
187123
18744
189764
19150
194605
194713
19561
197185
198455
200798
203049
203471
206193
207459
208686
20918
209488
209855
214796
215912
219868
221062
222342
222461
224046
225685
226918
226930
227402
228693
228784
229773
229970
232552
232591
23436
234550
23556
235882
236198
236245
238655
239876
240752
241321
243222
244402
244476
244870
245056
252450
253857
255111
260341
262729
262895
265066
26703
26730
269055
269754
271359
271545
27185
27249
272678
274797
276460
280215
280330
280336
280596
28061
281502
281506
283969
284060
284498
286500
286718
287444
288593
289079
290385
291618
293009
294002
295414
299135
299373
301295
301715
303099
304390
308883
309240
310785
311385
314430
31878
323187
325610
3288840
3308417
335062
335842
347286
34855
36078
37174
38428
39363
41044
41142
41146
42354
42566
43204
43840
44831
50976
55668
58465
59489
59849
59895
61001
62417
62425
63595
66984
68647
69901
71379
72410
76324
79955
80857
8123
81431
82151
82566
850216
85975
86031
87274
87799
88550
90224
90268
91496
92351
95210
95363
96614
98601
99841
100425
10246
104042
10736
109336
110603
111989
1124260
1125023
1125818
1125821
113300
1135020
113961
114331
114374
114451
1144616
1145047
1145050
1146645
115709
115778
1159027
1161040
117877
117544
120414
120858
124107
124669
125875
1261852
1261853
1261858
1265855
1265858
1265868
126953
127025
127027
1280635
1288632
1295040
132271
133370
13354
135961
136209
137138
138251
139454
140380
141561
143320
143425
144612
149490
150829
152053
153244
153272
154358
156550
158246
160830
16201
162882
163218
163809
164109
164676
170794
170840
173435
174659
174718
174726
17523
175955
179946
182062
183370
185334
189699
19066
192635
194599
195767
196748
197167
199552
199627
199959
200944
203529
204664
206888
208583
208739
214814
214897
215561
215183
21669
217481
219766
219780
222340
22325
227391
227512
228565
229828
230733
232031
232499
232584
233403
235208
235898
238561
238640
240374
242370
243213
243264
243276
243552
243651
244815
247415
250052
250053
251305
251361
253727
254741
256452
257747
258152
261454
261470
264765
265074
266358
266565
268388
270133
271478
272675
272829
27363
273823
274056
277294
278499
285484
287850
289194
290179
29348
293643
294228
294918
299092
299153
29968
30244
302981
304321
305167
305636
306795
30684
307703
308101
308194
310105
31048
311948
314473
316988
317718
318263
31961
321405
322680
3295620
340116
38386
38575
38577
41952
42233
43698
44912
45762
46072
43624
45311
46062
48670
48687
49905
49942
51116
52428
54454
57412
64772
66281
67008
67468
68692
68736
69990
72412
72544
72555
73334
73359
74593
77389
77443
80207
81495
82157
82636
85160
91486
91539
92294
93646
96719
97398
99115
99878
100186
101056
101553
102940
10307
104159
104189
104190
105300
47287
48245
49449
49904
52425
54765
57330
59801
62419
66244
66352
66983
68247
72062
72497
72660
73765
74601
75181
75846
76309
7722
78372
78673
78824
850210
85122
85123
859616
85639
89823
90412
90417
91556
97806
100280
101495
103669
104126
105331
105455
105517
109287
110143
110154
110676
111444
112014
1135839
1140226
1145044
114522
1145440
1145818
1146643
115308
11571
1159441
1161023
117096
117540
117906
1181846
118265
118754
12001
120838
120900
121998
1259432
1259865
1266634
1268638
1275440
12819
1284633
1288636
1291043
130848
13151
131704
135300
142120
144555
145469
14586
149116
149174
149596
150004
150368
155621
155671
160311
161634
163274
164115
164488
164520
164524
164574
167928
168259
170464
170465
173443
174209
174575
175492
176701
177281
179195
179726
180841
180916
18221
18293
182941
184541
18464
186993
187066
187097
189647
190955
190985
19155
195886
19629
19686
197117
197123
199712
200390
200871
202247
204783
205627
21005
210700
213089
213550
216933
219953
220187
221951
224516
225647
227356
228738
231100
236260
236299
238596
239543
248280
248310
248800
249586
249963
250856
251304
253981
255170
256447
256572
257584
257867
26071
265148
265293
265294
267707
267769
268886
269682
271498
275168
276508
278933
278954
281558
283557
28477
284888
286464
288996
289141
291145
291192
293640
294961
296140
296186
297829
30007
303002
303842
304174
305121
305548
307282
308820
310203
31072
310743
31141
311431
31157
315175
319438
320706
322678
32464
324792
325261
325717
326855
343793
347205
37246
37372
38635
40996
41223
41961
43510
44913
46482
46971
51129
51157
52310
5508
56041
56141
57494
57513
59925
61051
61496
63780
6432
64922
65373
67477
6851
68711
69593
69947
72654
73763
80018
83477
84815
84817
89044
90332
91442
93094
94049
95469
96553
99171
99821
101612
102712
104960
105430
106807
106860
110098
110146
110540
111433
1124242
1125445
1125456
1125826
1125854
1127016
1156640
1159046
1159427
117030
1182235
11962
119676
121001
122020
122811
123288
124098
124119
125662
1259878
1260655
129214
1293439
1294642
1294643
130346
132020
132125
132133
139663
140381
141880
142053
143323
144605
145833
148392
150395
151639
152118
15390
154515
154600
155816
156971
158160
158272
160826
161943
161947
162871
164677
165678
166584
166600
166957
169645
169649
175879
176028
180915
182180
18226
183401
183531
184706
185367
185945
187218
190874
19152
194281
195883
196719
198327
199629
201677
202501
203054
203469
204297
204763
208642
208650
209526
209100
209962
211059
211104
211537
213090
213143
21336
214607
214608
215963
217292
219381
219653
220696
222296
225686
226155
229825
231103
232648
23400
236158
236194
237351
237384
239839
24602
247291
24781
248842
249589
250113
251276
252582
254313
25462
254287
256522
255589
257629
257668
257825
258886
260320
261390
263076
264010
264141
265980
267493
268460
271356
271418
271577
27316
275114
275246
276544
278553
279797
279802
280239
282678
285200
286659
288634
290318
291625
292329
293678
297494
297824
298045
300450
301275
301818
304266
305413
3054816
305635
306895
307984
310139
311426
316435
317655
318884
319237
319239
319487
320160
324370
324438
324529
325688
3266016
326825
326951
3274429
3274820
3297616
3311628
3319217
333634
347199
347216
35565
35630
38488
38960
39783
41102
43793
44929
48652
107926
107945
112616
1136239
1138232
1142617
1145019
1146637
1159023
1161031
116637
120420
122154
12502
125812
1260236
1261433
1266645
1285034
1294635
13314
13466
136920
140361
14125
143502
145077
14620
150811
151577
152060
152110
153383
159493
159606
53629
5412
56157
5761
60682
62326
62410
66171
67421
6857
6874
72110
75034
75439
77480
78714
78809
78879
80054
80094
80205
80910
82153
82565
85203
8581
85980
85993
89018
90247
93967
98973
99865
100234
102436
104188
106613
106806
108026
108154
110152
110645
111380
111411
1124225
1125438
1138235
1138625
1139852
1141035
1141042
114505
1146640
1155015
1161417
117905
122809
125258
125668
1265851
126580
1266259
126658
12904
130820
13316
133341
135645
138347
139452
145893
145917
147877
148289
148303
149635
150326
150394
151649
152074
15393
154471
154502
157033
160828
160893
161605
165374
166952
167930
168346
168422
169181
172161
173514
174543
174582
17452
176749
176323
180781
182132
183387
184507
185368
185749
186693
187278
191754
192611
198492
199578
200404
200748
200753
200887
20086
20471
209054
213992
214715
214896
215577
218493
218552
223633
225724
226158
227822
228609
229826
23319
234915
235002
236230
236268
237390
237436
237566
239874
243654
243800
244483
249581
249937
250169
251238
252084
253836
25468
255092
255149
256377
256526
259084
259772
261394
261961
266428
267554
270158
271543
272672
274862
275325
276477
276570
277665
278952
279011
279733
28097
282387
285459
286720
288592
289904
291547
291910
295512
296780
297496
29959
30012
301808
303075
304179
306719
308034
308870
309194
31012
31016
31062
31143
312979
316779
318153
320759
325222
3266420
3294423
3330019
343759
346849
36049
36873
38489
39361
39414
40965
43700
43704
46159
47511
48611
49842
49900
56121
56260
56941
5717
57371
58154
69535
76322
76370
82796
83953
84827
85245
86035
87794
87840
89166
89435
92341
92365
94882
96168
96213
96454
97874
97937
99875
101122
104244
106606
109389
1124239
1125823
1125829
112990
1140244
114570
1146631
1158629
1158633
1161041
116986
1175443
117908
118342
12035
120451
123360
124448
125255
125337
1265864
126636
128361
129225
1294257
129596
134711
136594
136984
141528
141917
142065
145858
146209
147055
148293
1493076
151621
157713
157754
163421
164885
16640
167902
169162
171022
175505
176071
178273
178341
179536
179688
180430
180780
182212
182983
183489
184590
184638
185434
185800
186031
187184
188339
188463
188495
190911
190943
190986
193477
19502
197230
197924
198300
198491
200756
201692
201958
203368
206024
206073
206372
206813
209900
210057
212394
214734
214791
216942
217332
219924
220974
221060
228592
228642
231341
231972
232568
232650
23360
23552
237067
238275
238724
245735
245763
246158
246288
248649
249997
252706
253699
255050
255090
255955
256376
257862
261634
267165
273520
273608
273900
278459
284149
287413
288898
290295
291595
296707
299349
299375
300651
301326
302625
303174
304180
305610
305722
307702
309255
310199
310589
314355
316717
318160
318868
319339
320155
321450
322626
324349
325773
326768
3282817
3296816
334523
335066
335855
335857
33641
35206
35918
37170
37320
38123
38529
39397
39666
40677
42351
48244
49850
52019
52020
54872
160736
160823
162177
163296
163351
163375
165354
166619
167396
168536
169557
169694
170798
17233
174264
175137
177039
177171
178272
178328
178652
179115
179724
182996
183005
185818
186008
190545
190841
192135
193449
194242
194826
199191
202060
202252
202312
20473
205586
207239
210027
214642
217293
217377
218676
219786
220666
221107
222377
57288
58536
59855
63465
63627
6417
64992
65307
6847
69962
70043
72407
73709
74884
80942
81270
81390
82746
84829
85246
85337
89430
91714
93930
9415
95349
95414
100292
102455
107841
111365
111442
1129019
1139833
1140232
1142227
11526
1161016
116589
1175490
119675
12159
122061
122860
123105
123245
124994
1273847
127912
128379
130924
133350
134564
134611
135622
135875
137401
14162
142892
143319
143465
14412
144197
144575
144579
145877
146044
148384
149612
152108
154506
155292
157019
158247
162142
162836
162873
163226
163315
165674
166965
167000
168262
168512
169802
170476
17137
172030
172208
173024
173519
174637
177227
178373
178417
180936
18180
182305
190810
19093
192200
192248
193478
194246
199752
200799
203324
203477
203535
204235
205975
206055
207232
208587
208593
211300
213684
217272
218494
219787
22061
220703
223503
223505
23023
232651
234957
235043
237386
238221
239938
242524
245721
247482
250162
252498
253903
255174
255953
256404
257277
257670
258978
260164
260180
260592
261053
261058
261550
261627
262323
262865
267168
26742
267929
269679
271540
272833
275257
275301
276372
276413
277851
284069
285203
285296
286156
290252
291203
291622
292358
292723
293664
295362
295372
296184
296491
29732
299225
300475
303451
304319
304389
30716
307716
308858
31053
313071
317261
318102
31958
322149
32286
323137
326447
326479
326856
3272430
327350
3280836
334084
336337
33741
35915
37439
38082
41101
42421
43163
44509
47005
46597
48672
49939
53754
54735
59471
61109
63528
63620
63753
63754
64928
67036
67527
67578
73852
75185
76253
77436
77471
78675
80065
82564
88516
89078
92295
9407
94131
94814
94876
96522
100388
101102
102426
102804
104243
105386
106234
106809
109454
110533
110588
111734
111848
112183
1123015
112686
114571
1158237
11586
11589
1159445
1160625
116658
118263
119226
119442
119610
120447
120857
122017
124580
125299
125659
125715
1259866
1263034
1265033
1265854
128432
12864
1294640
129488
129645
131707
13256
136560
136573
136891
137879
138266
138628
140793
1443076
150768
157034
158256
15866
159490
161950
162837
163175
165827
165834
166969
168192
168316
168447
169705
17000
17056
17084
170926
17136
172181
172223
172980
173521
176728
178344
180373
181706
18286
183549
184222
186732
192152
194230
195514
196752
19694
19731
199533
200433
203375
203470
207275
209850
210031
212308
213569
216230
217266
217342
218127
219863
222315
222459
226173
228134
232432
232577
233751
233760
233857
235163
235209
235831
239925
241216
241228
24240
24245
242477
243671
24590
245987
246289
248653
249894
251365
252576
25458
254745
256008
256282
256325
256326
256372
259085
260158
260159
262324
262790
262797
263596
263909
264762
265157
265987
26740
267639
270091
27149
272301
274019
275249
275326
277817
278507
278536
279123
280175
281067
283555
285268
286570
288985
289027
289098
291638
293299
294103
297025
297490
297962
29882
299995
299999
301664
302570
304220
304392
307164
308798
308485
312643
315169
317630
318212
318215
321441
322673
322702
32340
324437
3272423
3274416
3304818
3309640
3314016
3381616
343763
35882
36487
36867
38083
41000
41106
43585
43726
45087
45782
46122
46154
50732
54487
5462
54927
57287
57465
58210
58645
22985
22990
231995
232436
232495
23550
236301
241996
242459
242463
242526
243794
244871
244954
247299
249906
250046
250848
251214
251265
251274
251401
253728
257625
259093
264420
265295
266019
266404
26727
267506
269753
272356
274129
277661
278519
280068
280118
28077
283554
283999
284048
28493
289146
291494
61282
61932
63251
67022
67370
67384
67575
6825
68312
68732
68852
69568
75066
8047
80885
8320
85176
860416
86352
86594
90373
91118
91529
92349
9440
99165
100277
100732
102416
102764
102867
102947
102984
102985
105334
106609
1071015
107890
108023
108043
110586
111776
1124275
112585
112676
1127826
1135847
1141044
1149417
1153426
116660
117199
118490
12010
120411
123287
124485
1259876
1259879
1265859
128408
1285434
1293860
1294250
1295045
133313
136544
137032
138330
139557
140330
141614
144116
145734
148341
149630
149631
150387
150665
150853
153249
154449
155620
158398
15865
159027
161576
162033
162874
164112
164528
165729
165739
165927
167014
168274
169159
169222
172001
173394
173557
174250
175872
175875
176055
179580
179592
181259
183279
183364
186156
186636
189742
191054
192185
193068
193089
196761
197142
197920
200441
201727
205977
206196
208143
208609
209812
210026
21035
211162
213690
214268
216036
216100
218491
223662
225703
226113
226237
226577
228167
229494
229821
22986
231155
231232
23313
235155
237411
244903
245047
246114
248652
249481
251177
251321
252452
253866
25766
260176
264756
265521
267635
268921
271046
272837
275171
279042
281357
282365
282375
286599
288257
289080
290313
290338
290342
293698
29419
294975
29744
297914
297949
298762
29906
299229
300489
303139
305170
310545
311822
315211
315482
316416
316481
318053
31882
319431
31959
320603
3224433
325798
3262818
326445
3267625
3272424
3282418
3293620
3298829
33196
33519
335826
34800
42461
46264
46978
50002
5367
55974
58533
58612
60739
61057
63687
6411
6418
65331
66205
6905
69614
73856
75060
76415
77545
8119
82171
82514
82750
87219
89017
92352
92730
92876
96521
96554
96651
97463
97946
10705
108330
1129016
1135037
1135432
1138626
1143030
1145435
115749
1161439
116651
1174641
117889
11952
119561
119577
11999
120898
124527
125931
1266256
127032
1285443
1287838
1292233
1293848
129521
129603
1304633
133380
135816
137031
138285
141613
141879
143324
14446
146660
148178
149156
149457
149494
150743
150820
153408
156575
159551
159557
160836
161601
162035
163416
163422
163466
16652
168317
168537
169247
169607
170800
172159
175530
178342
180036
181696
184192
184544
185751
187140
188615
190154
190551
191775
191785
193354
194260
195848
19585
195903
197056
203359
207303
208455
211624
213462
213611
218551
219865
219974
220194
224447
224513
227359
238195
238234
238605
239448
240117
241084
241995
242367
243598
244489
245751
246207
246933
246984
24777
249960
252023
252657
253427
25974
260193
265350
266354
267505
269681
271421
271547
272373
27357
273859
276050
276546
279816
28040
282766
284145
284899
28498
287782
290454
294968
294978
296559
297885
301823
307632
307669
308047
309427
310619
310742
313026
313179
314431
316894
318505
31931
31955
3224432
322991
3232423
32328
323543
3241216
3242018
326885
326953
3273617
3310844
333252
34695
34832
34961
36886
37290
37412
38673
39935
40964
41091
41232
42765
45086
46134
49474
49851
51131
53220
53571
5408
293681
293972
296201
296623
296706
297864
299345
300526
300588
302165
303841
304245
305627
306897
309230
310637
310691
313072
313100
313125
315681
316490
316823
317018
318052
318157
318890
320643
321688
323949
325246
326884
3280829
3282424
3311642
3332016
33583
340120
34391
38085
38633
40651
43206
44864
48790
54875
56155
56950
58209
58628
63628
66109
68344
69554
7032
70771
71222
7740
79960
83789
84024
84726
92354
92383
91892
92679
95357
95466
96608
97872
98621
98636
99167
100384
1009821
102942
103260
104956
106862
10696
107942
108863
108866
110460
110646
1124615
1125033
112642
1135453
1140249
1140643
114470
113640
1148623
1153820
1159443
1161419
1161422
122833
123291
123419
124083
124447
1260233
126267
126635
126952
1273463
127391
127560
128334
1294259
1294646
131193
132960
133298
1339038
135726
135749
135791
136527
137135
137894
140781
141575
142461
143222
145466
145774
146045
14714
147210
150403
150845
151905
152092
152115
153310
155533
156920
156984
158370
164187
16619
167001
167492
167938
17038
170896
173004
173244
174712
175525
177139
179193
179685
179723
182960
184499
184700
186275
187101
189327
189762
189871
190526
19151
192096
192188
192277
192290
199793
206076
206842
206858
20784
208678
208776
20944
209870
210734
211224
211963
211966
213424
216101
217254
217505
218545
218550
219789
221018
221057
221079
221109
22115
222336
223511
223543
223581
223603
224054
227269
229971
230032
230100
231175
231294
232433
23434
234569
237412
239879
240098
242372
244811
24520
246121
246330
249901
249904
252584
254723
254769
255044
258575
258982
259086
260114
261356
262771
263908
263915
264016
264304
265229
26733
269260
27095
27099
271444
27205
273201
275203
275208
281453
282751
287722
288576
288628
288643
290250
291538
292759
296488
29703
29738
297455
298764
299237
303140
304170
304387
305155
306391
306431
306794
308117
308157
31013
31152
311720
31257
313123
314291
314517
315600
317672
321968
3236425
324375
3280037
3282816
3284418
3294821
3302821
3309218
3309660
3312051
33435
334518
343778
34729
37173
38431
38634
39896
41593
44861
44986
47836
48728
50004
52380
59487
59894
60694
61094
61186
63212
64800
65776
6735
67470
68354
68879
69597
70336
71414
72662
74604
77104
77442
78362
81310
84821
85335
86486
86490
86495
87805
91119
932816
93631
93271
94084
9448
9508
9566
96150
96485
97732
98939
100268
1021013
104245
105387
108156
110575
111889
1125428
11160
1143417
1145449
115276
11572
1174637
118332
120461
120714
121664
123189
1261846
1266647
127213
128342
127561
1293858
129983
141912
142011
143318
14496
147033
149125
149543
150325
150398
151636
152091
152227
15869
159424
163730
165387
165392
16683
167071
169559
171733
176026
177099
178416
181643
183487
184635
184703
185336
189245
189293
191056
194791
194793
198395
199528
203045
203402
204693
205587
206167
208231
208641
20879
209511
210756
214688
215633
215636
218129
218163
221152
222391
223580
223639
224515
224809
224884
224939
227472
228143
229967
231199
231339
232476
23458
235162
235417
236417
237506
238235
238654
241994
242316
243622
244443
244469
244823
245057
249526
251099
254219
255148
257666
259796
262704
264142
266547
267460
267507
269730
271473
271946
273540
273905
274004
275247
278532
282342
283589
284418
288642
290213
291191
292772
29400
294945
296185
299251
303100
305646
306381
306820
308066
3077624
307279
310141
311874
312983
313943
3231220
323131
323132
32326
324369
325662
3276418
3276816
3280819
3283222
3295216
3309220
3312053
335852
34912
35605
40646
40650
42453
43866
48568
48787
51018
54893
57333
58212
58587
6465
64868
66107
6762
75064
75138
76318
77441
81220
8266
82685
85207
87579
91610
9489
96561
96613
101451
106662
108305
109192
109385
109451
110500
52307
52598
53209
53609
5511
5551
58125
66246
6770
6853
69942
70095
71321
71412
72096
75048
76195
78600
80385
8148
85158
85307
86034
87744
91105
91614
9490
94909
96169
96523
96571
96969
99469
101686
10279
106657
107943
109236
112615
1128617
1142618
1143415
1156642
1159042
116694
118173
118341
119215
12033
120450
120859
123241
123292
124100
124962
1259842
1259848
1259850
1265844
1266646
1267033
1271834
1273040
127929
127934
128318
12862
1289839
1293862
1295041
131703
13359
137009
138128
139478
140350
141589
144613
149493
149636
152851
154406
154450
155265
16636
232478
234996
235477
236411
237502
238695
239102
243748
242906
24680
247414
248321
248645
250022
250117
253979
255150
257235
261038
261070
263602
263553
264794
266447
270180
27360
275164
276456
276567
277319
278914
278934
28098
281052
281403
28657
291217
292371
294135
55714
56100
57289
58535
60735
61281
62365
66209
67010
69598
70822
72405
76369
77137
78329
78878
80097
8122
82589
83966
84816
85520
87245
87689
90249
91524
92292
92820
93620
9495
95418
98592
106705
107984
110122
111390
1125453
1125846
1127824
1138238
1145020
114515
115908
115936
1161423
116246
1181848
118219
118717
123213
125256
125328
125350
1261834
1263040
1267042
127947
1287432
129208
129227
129669
129724
129728
13183
135000
137091
138288
139445
141623
141908
142873
143281
144764
145890
149932
150706
151974
152848
156874
157141
158118
15825
15868
159106
163418
164526
164556
164573
165400
166598
166956
17172
17206
172286
178787
180771
180824
18152
184740
185760
188472
189305
189830
190877
19133
192183
193073
192704
193517
194717
195884
202107
202245
202287
203321
20459
207306
20922
209521
210697
212237
212374
212523
213568
214733
216020
217257
217306
217373
219419
219809
22059
22066
221014
222337
225618
225690
226902
227399
228814
23361
238280
238737
241144
24558
248761
248844
250812
250862
251309
252535
253975
256523
257288
25767
256859
262292
262721
262816
266370
266356
266507
267614
268871
27062
271363
272713
278913
281653
284002
288608
289143
291724
292824
294460
296539
296554
296651
29806
300618
303887
309238
31090
3102817
311871
314292
31452
317720
318012
320557
32338
323942
325220
3255628
3256816
326822
327245
3283621
3294429
3296022
3301220
333632
334526
34798
35616
35996
38674
39974
41284
43188
43587
46203
49845
49848
49941
113152
113198
113959
1139824
1139846
1139853
114052
1141047
1142232
114477
114611
1171898
117201
1173875
1175430
118449
11914
119590
120979
121943
121980
122788
122826
124411
125763
1266267
1267049
12890
1291041
135834
135879
136922
138298
139072
14167
141846
142116
145861
14628
1466276
148302
149143
149752
150342
150377
151578
15367
154507
155260
156883
158114
158320
160777
161641
161645
164156
164672
166618
166974
55734
66329
67574
70726
72656
73394
74985
75186
76228
77514
78318
79232
81218
81679
82433
82698
85076
851420
85221
86463
87232
89848
90271
90374
92676
94841
97420
97820
97822
99116
99820
103678
105432
106599
106603
108797
109241
110457
111429
111777
111951
1124218
1124268
1125475
112687
112692
113957
1141034
114524
114610
1156627
1159036
1159439
1161432
117121
121591
123299
124480
125777
127075
127088
1283034
1285832
1294649
1295043
130376
130988
132291
135369
136528
136985
138248
139410
140778
140787
140884
140905
141957
142112
144625
14484
145897
148340
148448
149644
151637
151979
153165
154518
155563
155624
156471
156548
158172
159636
160753
160779
162881
165643
166617
168513
169216
171736
172220
177186
178326
17890
181972
182311
18315
18466
185385
186723
187275
187279
190881
190957
193527
194644
19505
195945
195978
19723
19726
198343
200792
202011
203061
204670
205163
20830
20850
208582
21034
210759
211305
212276
212395
214319
215624
217258
217343
217445
217485
219695
22033
221149
224956
227228
227276
230763
232034
234997
236193
236305
237567
238254
240095
242457
242579
243235
244440
244950
246108
248744
249525
250116
251233
252448
255176
256520
258830
260295
261069
263566
266303
266717
267599
271541
273596
273953
275370
277312
279765
28057
281445
281543
283970
283971
290177
292823
293674
29386
295424
297415
300009
300527
301340
304176
304247
305628
309256
310737
311943
316477
316925
318141
319489
320646
323082
323932
324288
324420
3259218
326047
326808
326883
3272432
3282832
33564
343803
35612
35951
37247
38390
38479
39804
43646
44155
44930
46119
46266
46939
49479
51259
52247
56494
58178
58462
61121
63249
63530
67054
67474
6826
68331
68810
69600
75473
7685
77078
77555
79983
81427
83788
83790
85242
89041
9009
91452
92364
9577
96653
98972
100389
1005015
1005047
1005440
101458
102943
104165
104958
106248
106758
10752
1073426
109153
110499
110515
111389
111441
1125831
1125832
1126218
1137422
1141050
1146642
1161433
117197
118499
11871
122830
123599
1261848
1263041
1264234
1264632
1266643
1273845
127893
1288634
129517
130660
134609
135690
139504
143383
144164
144557
147037
149593
150376
150414
152897
153270
153274
154318
156102
156885
157121
157122
159568
159819
162175
16914
169691
170799
17177
173032
175463
178322
17879
182304
182614
185946
185950
186001
190876
190883
195838
195947
197098
197547
203373
203589
204282
206123
207240
207396
20824
209464
209491
209856
214645
216099
219382
221103
222392
22321
223443
223545
224776
224834
228225
231988
232652
233783
233052
235083
235834
23585
236200
236318
238781
239447
244069
244861
246077
245381
247481
248655
249981
250814
252548
252714
255175
255951
255990
256015
257218
261494
262723
262770
266298
27180
272760
273598
274043
274828
276064
278505
279043
280119
280338
28101
281512
28436
28627
286429
286510
286552
292359
293645
294196
29423
295454
296705
296751
300451
303001
302235
305169
305544
305748
307930
307994
309188
310209
31259
313069
313273
313968
313969
315209
316453
320656
321875
32404
324344
325183
3252816
326475
327004
33436
33508
36512
38467
38471
39409
41087
41221
42310
43235
42862
45781
46070
46268
48729
168433
169218
170857
173548
174622
175467
177961
180919
182106
183388
185410
187142
187630
188464
188582
189877
192142
192178
193451
193483
19724
199708
203369
203568
20441
204901
206008
206883
20825
208817
212719
213648
214895
215960
221106
226238
229965
230030
231596
233406
52576
55667
5754
63621
63757
66985
68756
6980
69909
69944
72117
72342
73385
81471
8299
83452
83490
84814
85157
87641
91381
92727
93598
93999
95249
97769
98935
102673
102806
106761
107885
108032
10884
109388
110161
111381
111909
1127417
113185
1135422
1138240
114051
114574
1153827
1159035
116659
1174632
121878
12207
123135
124452
1260652
1264238
1265850
1266637
1269037
1285437
1292235
1293840
129555
130345
130409
132963
134592
13499
135694
136561
137468
139444
141574
142111
150794
153324
154321
154566
157010
161951
168261
170505
171392
173315
175922
178343
180443
18355
183737
184578
184624
189740
190528
192375
193083
195878
197913
202284
204278
205643
207236
209447
209513
209901
212357
213464
213521
213649
216055
218679
218709
222760
226906
23557
235422
236959
238696
238698
248319
249982
250186
25050
250857
250861
255002
25502
254243
257861
258056
259725
262893
263913
265105
268841
270089
271817
272677
272805
272875
274003
276453
277630
282767
283924
284110
286154
287809
287868
287954
289867
290460
290499
290764
292826
294003
295406
296542
298013
29901
300048
303003
303028
303872
306796
308873
309284
31018
310543
311407
311977
315193
316451
317695
318050
319327
320740
323040
324343
324527
325182
3255629
326881
326889
3274417
334529
334550
335207
335831
33714
37221
38627
41090
41285
44865
44866
46215
48974
49954
5410
56048
56264
57291
58537
58629
59466
59851
60655
62415
6434
65774
68649
68667
72858
72960
74930
75880
76232
76364
7736
77657
78315
80069
82681
84820
88917
8993
91681
92729
95421
97823
98974
100255
101128
101131
101572
104552
106680
1073018
107528
10843
110160
110377
1126615
112710
113104
1139839
1141039
114471
114523
1145838
115277
1153028
1156629
115904
117919
118176
118453
119981
12007
120855
122815
124554
125806
1259833
1265857
1265873
1267046
127092
127920
129209
1294260
130414
130742
13281
133340
1340635
134537
134573
140315
141877
144517
145426
146009
14750
150795
153184
153314
154363
155856
157030
159511
163140
163464
164529
163703
165828
165832
166589
166248
169490
169617
169623
170892
170929
172069
173012
173021
173316
17861
179538
182059
18431
184442
187221
189610
192272
192373
194825
19501
196107
196308
199171
199187
199189
199634
200719
201332
206895
207230
211068
211304
213129
216204
21689
221161
221241
222464
223193
224940
228140
230073
232437
232603
23435
237008
241086
241185
244488
246117
246327
247370
248671
251363
255139
257252
257656
258960
261441
262702
265106
265114
26749
267750
268813
269700
271546
272350
272665
27356
273200
274766
274793
276414
276528
277681
278556
280115
280337
282396
282844
286202
28626
28658
287768
287867
291744
292018
293655
29434
296436
296708
297471
297883
298674
30011
301926
3026018
302941
303881
305122
305130
304759
30675
30693
307670
308046
308096
308845
3130816
313590
316474
316879
318867
318870
320707
320709
321722
321797
3232420
324285
325545
325609
3266419
326844
3274428
3304016
3312437
33512
33997
35253
38512
39349
42314
41597
43579
44907
45410
46121
48610
49763
49934
51212
233636
234965
235004
235835
237289
237414
241125
241166
246291
248651
248870
249931
251237
251275
252050
252451
253902
257289
257620
258559
259152
260324
261073
261475
265171
267551
267637
268837
272869
273587
273600
274844
275371
276052
280070
281613
282383
283608
284071
284148
28574
289054
291743
292771
295505
296556
296762
56117
57387
61041
64872
65033
68643
75069
75139
75859
75903
77045
78918
79590
8215
90410
92329
92812
93227
93968
94191
94911
95250
95417
99114
99855
101417
102060
104276
106682
10698
107985
108817
110602
109760
111908
1124255
1125817
1136258
1142235
1145434
115864
1159436
1161416
118171
118335
119167
120416
120757
120937
124084
1262234
126680
127218
1273043
128360
1292634
128819
132961
134473
135751
138322
138346
139387
14536
146988
147050
147128
14748
148328
149546
149735
150384
150667
150830
152116
152167
152864
159030
160734
160821
163294
167867
168270
170995
172068
173243
173345
173462
175441
178423
180439
18182
183321
185435
185997
186637
190501
190586
191005
192396
193583
200445
202007
202108
203053
204266
205540
205645
206006
206056
20775
20827
208585
208647
209849
209959
210776
211964
213503
213547
215643
218673
219401
223745
223747
224446
225313
226895
228186
228187
228786
230778
231973
232427
23376
235198
238194
238742
240061
241604
242320
244430
24747
248806
250055
250167
25066
253864
256421
261036
261628
262637
263972
272904
273967
278457
279760
279782
28041
282846
285166
285317
285339
285485
285819
28629
287371
287806
292756
297498
297827
297881
301670
305504
313019
316848
318874
319235
321756
32294
323101
3274418
35954
39781
42270
42404
46211
47327
47379
47457
49952
53173
53955
5490
54908
55044
58216
58226
58647
62363
62424
64908
65782
66207
70041
70807
71336
72073
72098
74847
76125
76371
78716
79115
82107
82682
83909
85220
88919
90250
91562
92622
9281
92905
94164
9459
9574
100197
1005016
101739
102938
109293
110158
110509
110681
111991
1125415
1125450
1128620
113199
1145031
114518
1145445
114858
115334
1159049
1161019
116588
119166
119228
120896
124575
125352
1259854
1261038
1263434
126682
127073
127219
128313
128437
1288232
129226
1294246
1295034
13150
132161
132164
1331439
133411
134703
135377
139601
141525
142493
144673
14619
147105
149634
154284
15446
158325
158369
159358
160286
160759
166924
169489
170797
170847
17210
172153
172219
173523
174541
174684
174715
174716
176350
180821
180891
182912
185999
188429
190579
192181
193091
193528
195890
196106
198361
202142
205538
20780
208699
20882
209808
211066
211067
21333
215592
216097
217273
218890
219698
219736
221270
221900
222221
224778
225004
226081
227369
227425
228220
228593
233407
233785
233901
234912
235014
237050
238805
241047
240340
243229
245686
246139
246182
247341
248743
249850
252572
254980
257276
259091
261495
262314
262636
265110
26725
268436
269701
27096
271500
272667
276079
279039
280159
280333
28060
282747
286195
286466
291165
291487
291496
29416
295413
295750
296649
29779
297905
297907
298296
298709
299306
305609
306954
307159
307163
307656
307987
308842
310672
311800
312605
314479
316912
316937
318219
319234
320761
323038
3282819
3310822
334560
33546
33626
34007
34374
34441
343741
346858
34910
34990
35881
35911
37270
38105
38122
41228
42273
46066
47328
49004
51300
53256
299581
300855
304385
315488
318049
319495
320134
320714
321753
32323
3242416
325218
3263217
3266020
326952
3276821
3279616
3302820
3310848
333631
35598
38631
41984
44547
44078
46065
48650
48788
53922
57749
59931
61868
64870
66151
66167
6805
68253
68562
68665
6910
6911
70773
71162
73792
73897
74609
75835
77069
7713
77557
79959
82156
82618
8265
83450
84784
86398
8945
89851
91555
93932
97939
101459
101497
102765
102882
10329
104275
106839
110514
110585
111864
1124243
1125021
113302
1135420
1135446
1140647
1145027
1158632
116684
1181844
118455
119129
119213
11955
120760
123206
124604
128381
129451
130428
130746
132187
132987
137469
14148
143298
143467
144170
144728
145453
147074
147102
147181
147842
148729
150827
153185
155811
156563
159471
159475
161574
162052
163707
164623
165006
16656
167070
167914
17005
170472
17115
174191
174572
177932
178261
178478
180038
180431
182105
18288
183795
185395
185415
186660
187065
187119
187160
188469
19631
19643
197186
199181
199519
199582
198737
203567
208214
211130
214865
21705
219846
221894
222714
223776
224051
224885
226876
227400
228676
228696
231994
234199
235164
236413
237324
238602
24166
24194
241632
243220
245685
247222
24779
247749
249932
250820
256449
257719
25860
258936
259023
261052
263514
263517
266269
271600
273227
27398
276041
277324
277679
281073
280660
282845
281977
283950
285245
286503
286508
286616
287443
289911
290340
292965
29428
295247
295404
295425
296168
29775
29885
299134
299189
299234
29961
29962
300390
300446
301310
301325
301886
302982
304324
305111
305565
305723
305725
306852
309185
309260
31094
311388
311804
31530
317692
31880
320655
321720
3231617
325638
3288844
3296027
3301224
3308016
3310040
334557
335067
34415
347210
347212
34911
35614
36128
37322
38474
41233
44949
44987
45763
45803
46177
46302
48719
49933
54504
59845
61045
62322
62368
62535
6375
64085
64851
64994
67047
67492
67524
67577
68642
68851
69847
69913
74533
7738
77570
78295
78351
8196
82108
82614
84723
86033
8529
89167
90333
90334
91045
91448
91574
94005
95413
99073
99493
106213
107540
109237
109276
1135465
1145831
1158247
1158637
1159442
116237
117122
1174635
1175835
119443
119536
120759
121941
12206
124491
1263043
126667
127049
1287033
130347
130686
131691
133466
1339837
134404
135778
139450
142048
143195
143283
14445
145813
147180
150345
150740
150760
151619
154459
155228
155259
157083
15774
160758
163370
164157
164570
167047
167925
169561
169562
17173
173395
179181
182204
183315
18361
184746
185801
187215
188554
191082
191084
191339
192703
193356
194279
194685
195125
199550
201673
202086
202251
20439
205588
205629
205968
206909
209950
212314
212462
213682
213888
214316
222458
222820
224859
227268
228604
229964
230040
23015
232036
23232
232506
235193
237321
239531
239969
242907
243677
245776
246115
246329
246952
250029
250050
250112
255114
256012
256014
256422
258535
261385
263848
265296
268812
270130
270152
271420
276458
279007
281978
283610
283929
284046
286167
290249
290254
290343
294139
29420
296585
29702
297756
297865
300915
303869
306868
306958
30714
309227
310215
315737
316783
317714
319149
319434
320099
321750
3232824
324419
325180
3268022
327030
3280832
3283223
34399
343740
343806
347289
35601
35611
36890
42267
46157
48784
49901
5107
51196
52467
53532
5409
55699
50691
5108
51107
51974
52308
52424
56088
56159
5718
57285
61040
61913
64509
6468
64809
66166
68328
68819
69584
69905
69964
7034
71100
72454
72469
75006
76281
76292
77353
78943
80210
80343
80929
81307
81325
88993
91065
92350
92743
96164
97940
100289
10278
102872
57370
59930
60710
61039
61940
62247
65775
66189
67066
68309
68532
69588
69908
70084
70755
71241
72500
73764
73800
75207
7734
80047
8052
8093
81321
81433
83830
84819
85603
87659
87797
87858
88979
94192
94900
96167
97697
97890
98981
101556
102816
103700
104034
104975
10704
107515
107145
110535
111827
1124230
1124232
112964
1135848
1137017
1142233
114373
1145040
1156631
115669
1161028
117198
118748
119673
120939
121641
122167
124505
125254
1265034
1265847
1266233
126651
1268238
127950
1285442
1293033
132022
132153
132184
135301
136890
14194
143431
144730
14617
146986
147878
148380
151643
152113
152825
15395
15436
155735
159508
162009
163316
164549
167929
169206
169605
169621
169696
169697
169702
171023
17515
177936
180456
180875
183389
18463
184702
185949
186692
188297
190945
191055
196760
197171
197234
19727
197910
198341
200831
200832
204545
205567
205609
206163
207371
207389
208607
210757
213687
214290
217328
220718
22172
227270
231247
232656
23315
234136
235000
237325
237606
238657
238725
242522
243709
244399
24587
246214
246355
247427
248721
249898
25068
253698
256013
257746
25859
25953
259366
259760
261021
264795
265113
265187
266006
267180
267553
267634
267754
271063
272673
272680
272836
274800
275222
277307
277629
278490
281086
28391
283951
28472
285293
285356
285480
285482
287394