1135842
237873
142469
61497
300918
166609
1136245
64500
1135455
1135036
155291
1135461
1135040
1136618
181327
94497
307714
31954
258154
116677
276075
38963
174263
222791
25101
1137015
1136619
88572
313561
1136620
145116
74242
56576
1135053
74214
327313
16273
1135841
31536
49108
311085
210342
1135041
132613
212803
72980
234229
90710
1136249
1135466
327315
65341
220287
1135051
209103
246603
51617
54064
273202
220288
258153
285789
113602
86833
1136252
168814
163784
288227
28983
21339
67942
61522
273228
177561
280659
294468
123644
210374
239139
16312
81783
34039
1136227
8555
46533
210371
102059
162428
237909
185046
72981
122487
295822
1135459
177559
249183
247871
313589
260591
1135430
151180
247772
195028
159945
308520
315966
288172
196310
95695
16310
118845
89474
261969
278158
1135030
1135450
1135449
210372
32724
62789
21274
17454
229046
51556
245290
103235
302147
127477
85556
320949
1136229
1135433
121246
99408
1136219
1135428
33946
154834
110941
100674
188813
315968
103237
105786
64056
191322
88108
235424
221468
38915
324777
56493
291959
188812
50277
70357
71628
175066
41522
255500
13713
79146
141108
95412
101115
151611
101998
311427
12099
279122
1146639
136939
88879
1135463
130794
165779
12054
166967
53783
3296023
134144
238727
179458
276548
53607
105767
324293
186733
233803
306854
317969
41558
142826
125283
1339037
23454
326954
77439
83922
106520
138685
292758
10321
1266238
14183
179541
187999
22988
32288
8195
202979
210764
265298
3312447
335839
268702
272876
155752
61059
61226
1135823
255177
296999
3251216
73855
172111
275321
277322
297906
141578
156884
253452
267495
54491
39840
140714
47508
67375
71244
242578
179615
253770
3362016
160774
61056
244918
277626
236366
285253
323571
273904
66233
82617
124444
136577
17175
310746
10330
1175494
1267045
209536
31050
316449
149549
219853
43701
183346
207394
216943
234193
280653
35998
38030
72074
302122
1221034
108395
68651
346838
272874
3280818
3280816
31055
316496
67345
1267041
334079
87804
221243
3239217
256284
278958
295250
32363
3310835
38078
76191
130427
196265
65229
193806
325976
245237
229000
107017
28388
173522
209033
22167
270282
35561
113072
25815
29790
119589
38120
1125027
1285033
184743
185333
209510
274052
291440
325181
65698
67025
84025
106232
192289
273584
346856
13808
314301
46979
49448
7703
158120
17179
130321
177259
193383
247372
281614
29886
301883
3272822
8100
98589
1265845
22567
266308
267636
287719
224832
170441
63581
72450
118371
118396
23366
243756
260239
48732
205976
212372
235003
260163
38113
98977
155243
277321
291483
69613
152225
16001
163811
27178
319446
307711
246486
101121
101560
101733
101747
102427
10271
102713
104130
107889
108022
1125024
1125836
1127822
1128619
1135837
1138239
114031
1141033
1145036
1146622
115311
1153424
116670
118456
1187430
123244
123259
123641
124525
124670
125310
125802
1261036
1263436
128510
129522
132123
134584
135732
137007
14140
143330
144729
145894
14596
147452
148338
149157
169180
170922
172989
173436
177960
180372
180868
182982
182585
184622
185824
187118
188028
189611
190573
191058
19126
19587
195904
199417
202054
202056
204296
204667
208545
209519
209946
211274
212313
212458
214328
214812
215628
216059
217369
217440
218618
220632
223174
226177
230723
231246
296630
299187
300012
30014
300389
300443
303145
302117
304214
304222
305729
308816
309344
309346
309392
310158
310695
313023
313921
315485
316821
318218
318843
319442
320190
320526
321873
323969
324321
3274426
3298826
334532
334539
334563
34726
37651
39797
39803
42465
43633
43734
46982
46995
49494
49877
50661
51063
47513
48603
49940
54870
56265
56883
59000
63685
63755
64505
67050
68731
68733
69553
70021