151645
154043
154031
155267
157087
15806
159022
163420
164622
164679
165330
165385
166954
167072
167901
168378
173524
174238
175860
177225
17840
180404
180876
181018
181640
182066
182179
182303
183488
185418
188270
19064
193429
193511
194274
194559
19589
197060
198456
200947
201006
205936
206164
207335
210719
211021
21223
214695
215620
217394
219954
220663
218957
223627
225707
22566
228694
228698
230691
231239
232609
23411
23433
2359617
238607
239103
239509
239871
241962
243242
244944
245079
246932
246951
248801
251620
250816
251307
252101
254732
255187
256240
256848
257756
258477
258534
258537
258977
259019
261072
261353
263546
263612
265022
265104
26731
267496
268868
268889
271759
27237
273541
273574
273951
274795
275304